1000
142 322
500 601
0 209
204 330
249 299
372 429
597 609
547 548
603 644
830 847
770 820
460 482
476 501
517 544
609 630
193 259
361 547
698 805
715 745
819 824
50 109
804 849
492 506
707 746
21 313
773 774
782 786
706 784
395 460
56 67
622 684
734 785
392 553
374 553
21 212
82 238
272 291
213 277
690 773
436 524
747 770
768 789
25 158
475 547
484 580
412 561
412 614
67 188
718 815
431 462
106 329
353 524
431 669
354 397
23 190
461 590
725 806
697 769
665 675
13 252
727 830
80 320
620 654
408 513
711 784
361 474
465 676
422 592
631 682
526 566
238 342
41 226
361 531
388 559
363 385
717 855
13 26
368 374
726 778
708 849
383 387
514 570
527 553
363 373
917 954
728 783
479 492
54 119
738 784
947 999
436 637
477 485
422 619
397 485
13 261
133 232
599 640
67 109
388 566
519 546
359 481
414 678
363 524
391 482
122 236
348 562
397 516
25 271
493 538
367 403
94 101
419 428
611 618
82 84
55 252
675 681
728 759
107 389
214 343
777 829
703 815
25 277
175 278
392 497
713 746
387 417
475 514
20 44
493 559
695 794
368 526
0 329
9 203
272 329
592 654
395 471
94 302
598 630
130 322
718 805
348 540
104 252
412 537
686 750
0 304
28 115
373 425
495 542
366 374
711 795
527 542
492 560
740 770
708 800
484 503
482 507
348 400
348 488
409 512
600 635
0 147
211 238
392 412
402 465
515 641
694 760
461 559
367 376
774 828
0 173
659 661
507 513
515 553
419 513
492 513
414 652
373 558
115 226
697 777
378 400
417 514
60 322
473 560
172 239
694 798
402 513
819 880
643 662
578 675
496 513
169 257
127 281
21 239
431 563
118 261
376 487
362 570
561 565
357 486
471 567
374 378
592 609
357 389
348 429
590 617
496 507
369 380
416 417
719 830
766 815
412 533
745 758
774 805
609 623
25 122
374 559
398 488
387 556
98 223
705 844
0 124
414 638
525 561
113 203
492 514
713 828
414 438
424 457
80 88
116 343
465 683
122 161
134 199
698 830
482 556
404 462
686 736
900 908
366 483
589 603
497 500
463 500
3 200
36 127
698 729
0 334
0 37
127 197
142 271
68 177
452 497
0 177
584 630
123 239
363 656
348 355
773 831
634 645
213 324
159 172
617 685
719 847
408 560
422 546
789 806
214 333
484 513
107 962
5 235
232 239
436 478
400 506
574 663
960 972
941 971
686 800
592 666
367 474
359 546
701 760
423 567
805 823
40 67
109 239
712 736
104 169
492 614
394 503
360 395
724 805
122 272
142 315
794 795
6 89
23 124
7 308
720 793
455 522
479 559
497 506
21 315
376 463
463 489
500 506
784 842
475 565
483 557
483 514
67 332
370 483
412 434
419 423
737 837
686 763
13 239
439 465
9 188
925 927
19 115
428 513
697 780
203 211
172 223
14 312
370 514
457 509
354 489
0 18
0 331
697 840
417 511
414 576
400 676
348 496
99 263
178 303
376 446
474 548
176 271
373 413
348 461
747 763
553 560
452 566
747 800
263 296
380 554
729 888
212 298
285 323
694 812
352 456
236 248
0 148
828 830
431 651
361 519
271 304
119 342
415 465
507 566
26 119
724 826
414 672
431 492
428 567
13 56
734 847
239 280
413 415
428 667
686 704
357 457
701 777
104 109
185 322
176 290
402 444
573 626
691 822
696 727
412 538
431 606
65 297
25 270
348 510
686 706
719 766
370 465
647 658
19 289
144 312
378 527
479 503
0 117
56 304
178 272
373 606
376 482
370 392
704 770
647 659
625 630
9 134
403 458
72 298
553 559
460 517
804 888
698 865
353 428
483 526
592 622
3 26
758 814
494 561
483 954
300 346
736 746
802 818
483 544
595 662
361 405
445 495
414 630
485 563
737 824
695 781
0 239
366 400
820 823
107 949
252 338
432 571
927 967
67 136
693 713
373 634
599 665
392 475
578 643
265 342
563 645
460 545
21 232
758 809
122 325
265 298
609 664
0 31
98 211
445 556
434 490
756 826
698 840
517 936
735 856
86 175
921 925
348 497
778 844
348 553
422 504
353 376
113 132
591 645
101 187
439 563
243 312
359 491
200 203
17 111
742 829
483 596
567 651
348 398
351 364
159 281
596 630
236 303
69 304
503 567
728 843
352 538
456 462
456 513
40 280
381 457
26 297
348 362
800 842
698 862
67 186
504 510
21 108
98 109
422 432
431 487
311 344
475 507
701 781
85 170
637 678
378 561
351 454
9 342
430 561
422 523
713 722
39 165
697 824
221 322
69 121
449 480
727 848
415 428
658 661
449 504
118 342
824 844
693 695
956 979
391 491
724 731
348 530
434 563
828 880
460 514
402 482
730 783
876 889
363 517
686 780
526 993
709 754
705 810
353 482
111 337
369 457
710 810
698 875
186 203
431 536
688 770
459 518
104 212
933 941
0 212
236 318
380 518
0 308
900 919
525 559
0 273
473 527
428 432
686 713
391 500
107 979
25 31
7 340
903 963
483 492
713 762
694 810
137 337
128 213
376 513
348 371
686 829
0 157
0 208
277 311
724 773
368 536
398 497
414 617
122 280
400 417
208 291
584 637
479 515
831 853
67 224
773 815
437 463
187 242
348 432
686 793
767 822
793 836
0 22
580 637
367 490
388 513
739 807
414 680
609 654
718 764
376 444
416 500
94 346
98 325
776 885
378 651
777 824
513 669
0 183
598 654
136 246
901 992
872 885
414 646
242 254
489 535
496 508
455 497
107 980
414 612
686 769
168 277
25 231
56 203
180 204
400 461
376 520
426 546
438 683
417 475
542 591
109 285
175 177
55 277
348 458
348 351
260 322
21 122
694 774
823 856
598 653
194 204
387 438
486 509
374 567
380 389
412 515
281 284
352 517
107 484
203 270
405 531
172 268
579 623
516 554
800 856
412 487
374 456
517 637
737 805
56 213
17 19
82 271
718 814
107 937
40 141
715 827
48 73
376 387
396 410
686 707
605 653
898 917
398 512
705 842
433 510
481 489
414 665
420 567
694 831
576 658
26 295
473 495
376 669
761 772
3 67
106 238
378 423
348 499
617 625
824 848
478 534
412 494
686 772
579 684
104 318
134 334
272 280
739 823
711 847
830 834
113 121
429 466
406 532
68 227
6 95
534 563
370 428
921 934
686 723
625 677
13 118
213 285
136 146
25 323
24 180
122 304
395 463
4 273
158 242
690 784
373 507
178 329
109 142
519 557
359 475
745 794
107 601
353 493
807 856
442 523
374 565
538 560
199 322
544 580
400 409
416 537
505 509
787 803
609 626
461 683
828 856
796 818
513 591
24 346
348 424
373 496
921 967
510 521
373 515
378 436
67 118
500 547
96 133
373 517
391 497
591 604
388 493
0 271
389 424
387 513
708 753
25 76
732 771
370 553
374 461
583 650
0 154
686 745
394 398
82 172
582 659
203 324
422 601
186 285
0 326
56 332
506 525
597 654
497 559
19 174
522 546
390 539
211 313
719 828
271 277
774 784
473 503
804 863
438 521
17 116
0 125
615 665
503 553
348 393
414 682
722 853
497 555
372 547
367 455
751 828
261 271
98 172
747 754
500 560
21 236
404 428
360 376
456 517
353 561
611 664
13 98
584 682
760 842
815 819
705 758
488 553
579 588
376 557
56 82
402 545
632 670
0 236
0 111
520 553
764 824
460 495
747 840
618 636
752 847
494 497
249 315
56 199
475 515
374 500
531 557
142 170
148 339
378 394
742 746
172 231
968 999
40 334
108 272
719 762
31 67
188 297
432 482
695 853
16 82
236 272
119 122
195 328
372 530
156 272
432 569
417 492
353 526
376 471
497 537
467 572
513 515
544 563
515 559
277 315
741 747
755 793
439 566
747 819
402 563
122 169
0 92
670 675
392 538
871 879
791 818
781 809
784 794
553 569
422 584
172 331
404 419
731 745
483 538
400 637
862 868
643 670
14 151
75 85
408 520
4 218
427 464
747 880
456 506
0 95
504 528
353 930
414 641
722 820
148 229
465 570
398 526
68 225
30 178
429 455
769 869
80 315
713 831
146 285
738 774
686 755
705 820
466 539
21 248
203 268
23 99
7 87
690 853
475 500
367 378
348 430
103 185
697 748
26 128
428 511
376 604
158 325
361 568
0 137
700 815
26 285
362 482
197 329
21 26
400 606
404 526
355 474
903 917
438 496
106 332
130 204
402 432
348 525
250 322
41 44
265 311
823 838
26 186
714 822
473 483
404 525
395 630
718 797
131 143
362 558
26 223
820 824
503 561
107 904
319 327
419 544
376 515
686 700
694 815
787 808
723 828
591 641
376 439
161 252
352 375
465 604
122 315
377 383
480 593
107 927
40 56
705 814
560 565
30 224
592 603
718 762
866 881
417 520
756 827
618 679
0 108
423 527
754 780
224 236
431 503
959 972
515 527
107 917
376 419
504 514
123 142
596 677
806 839
514 541
414 586
414 589
771 806
350 528
781 817
95 327
25 232
438 483
9 79
421 493
67 344
359 555
60 313
806 818
360 460
748 849
353 400
430 526
761 842
437 572
415 473
463 542
150 171
281 309
499 532
697 701
388 415
697 819
461 483
26 199
56 325
136 324
72 252
142 323
50 146
445 560
361 562
111 343
537 560
26 122
308 329
415 444
696 738
1 73
387 570
522 539
738 842
118 322
764 781
518 563
184 272
87 161
414 606
698 713
965 986
353 487
146 317
458 545
686 853
747 803
414 626
461 513
403 519
368 416
413 463
369 435
25 148
92 254
116 149
733 782
930 948
0 221
407 543
194 242
688 819
754 848
479 511
400 553
353 567
428 436
394 676
719 728
719 823
469 551
107 936
428 465
354 382
719 827
385 423
432 563
26 40
698 873
0 41
56 103
804 876
62 239
348 502
419 493
762 805
41 230
587 634
104 203
172 308
158 317
439 451
414 595
67 313
290 342
414 434
98 118
799 813
416 483
403 555
814 828
723 830
395 423
803 820
513 683
211 331
481 539
392 430
56 134
423 484
171 189
977 986
118 283
26 172
747 783
186 325
57 92
698 869
0 83
9 200
26 104
119 239
258 291
131 177
109 322
488 527
805 844
461 548
354 403
772 814
348 404
82 211
414 475
370 412
440 538
598 609
0 296
616 639
703 758
0 299
418 553
242 249
13 332
579 626
272 297
915 948
366 517
863 882
465 542
369 378
378 591
686 801
362 413
584 596
857 862
408 440
142 277
787 823
25 69
525 536
705 706
867 873
0 39
758 787
500 548
392 560
731 773
348 542
370 469
0 110
429 531
261 342
599 661
609 653
461 517
109 229
715 834
758 817
755 758
107 901
695 766
142 236
616 657
355 515
0 142
9 341
696 845
423 586
500 531
302 346
615 658
588 618
446 490
857 868
199 325
136 339
703 779
2 343
546 563
703 797
747 849
581 642
21 271
765 807
348 422
172 238
236 322
973 990
546 557
713 784
500 580
724 745
713 817
694 711
444 544
698 828
431 471
414 603
871 881
795 813
9 271
705 738
378 604
272 320
100 150
41 337
440 456
396 489
575 680
80 92
393 564
0 175
500 651
87 308
348 535
735 800
359 474
414 594
348 352
501 564
876 888
783 809
695 847
720 832
368 456
0 145
53 130
359 547
452 513
805 815
348 554
713 773
277 332
0 241
369 561
173 427
460 523
206 260
686 697
378 492
373 524
414 567
87 339
350 397
426 431
952 993
687 730
374 614
655 657
66 239
769 800
727 842
432 555
575 630
508 563
414 670
94 299
107 912
21 136
575 592
73 88
48 57
252 280
640 675
412 452
353 492
19 214
187 302
25 188
917 984
452 500
408 456
122 142
492 524
779 780
412 567
414 604
716 728
232 280
395 591
697 827
3 142
403 546
308 323
450 548
628 647
135 309
393 399
697 766
56 303
10 323
375 409
414 623
789 833
353 483
441 564
348 570
3 25
394 414
353 641
363 526
414 667
548 555
726 823
821 836
348 467
359 489
348 444
463 531
698 810
339 347
460 497
412 461
261 268
784 795
10 291
26 118
834 844
946 967
766 828
507 520
824 843
420 563
460 520
169 185
713 833
412 565
0 297
766 849
451 556
427 428
579 612
0 292
600 661
907 980
524 553
348 388
30 48
475 523
705 819
745 823
739 764
917 957
397 483
378 524
686 689
526 559
107 988
800 830
422 449
637 639
400 524
200 239
688 845
428 651
730 803
122 342
108 127
150 217
355 548
107 968
695 734
630 685
360 542
857 871
119 331
397 546
67 75
21 345
67 304
686 822
204 346
153 280
7 129
127 309
419 517
589 609
62 236
398 408
720 790
419 525
724 795
67 199
483 506
579 619
686 752
595 643
170 332
5 87
116 140
1 315
589 596
391 394
688 754
719 768
0 93
400 497
703 719
363 368
524 606
654 683
590 609
711 724
56 290
484 651
445 487
780 840
760 805
107 953
77 117
582 640
493 511
400 683
348 474
75 170
107 974
348 566
367 504
807 828
391 561
395 515
397 543
119 280
65 339
492 542
78 181
438 461
758 781
195 275
430 569
431 436
827 834
694 696
170 250
666 680
620 630
142 239
436 646
213 249
506 591
783 849
728 765
93 167
730 764
89 147
589 654
129 168
421 504
483 527
353 517
632 647
517 556
348 483
416 419
381 516
817 830
701 713
745 752
374 506
458 510
559 604
400 434
713 818
719 819
374 417
582 635
40 77
541 563
0 306
402 428
72 132
348 556
446 515
252 261
198 399
83 84
357 477
787 793
188 277
456 496
436 525
599 627
563 569
391 502
0 86
543 558
402 508
363 538
400 419
858 895
434 515
931 939
366 391
579 603
722 745
754 824
423 456
64 171
0 131
578 647
414 579
713 724
55 261
861 889
107 985
25 199
136 285
419 486
388 450
486 516
597 611
4 78
773 784
230 307
23 237
369 407
397 554
469 540
414 681
325 342
17 144
395 574
428 614
0 276
434 534
285 342
728 754
357 419
418 475
62 133
497 546
395 417
960 982
493 536
7 347
484 544
500 527
724 777
810 834
686 778
199 313
615 661
604 676
441 476
348 565
39 161
703 787
790 832
59 268
6 219
830 838
769 811
197 284
186 341
713 800
0 34
414 605
716 741
703 819
497 544
553 634
41 312
703 856
80 242
592 680
348 523
444 495
392 428
745 795
312 326
436 683
511 559
107 948
431 538
506 517
29 118
119 150
483 513
761 805
269 329
456 553
811 856
819 828
400 580
592 618
394 513
26 291
156 258
414 644
381 419
0 8
711 766
369 516
392 482
13 277
577 650
439 561
410 474
223 325
354 463
408 484
686 823
98 104
161 322
711 853
523 524
373 446
86 225
56 212
238 265
0 167
508 541
525 544
417 544
412 547
374 460
494 536
101 266
805 828
90 179
419 440
739 747
797 831
376 402
0 337
17 140
0 267
721 848
87 322
695 752
373 460
877 885
774 824
718 730
732 788
370 460
856 864
203 265
398 462
824 830
506 524
151 310
820 853
424 505
80 194
784 813
531 539
414 422
97 182
713 830
94 249
28 226
978 993
439 500
30 56
577 640
9 113
856 893
232 271
687 805
452 557
203 334
414 685
365 520
536 561
577 661
388 465
373 566
181 328
348 498
370 565
475 606
606 905
373 436
815 837
713 745
916 978
647 681
378 412
414 628
451 465
738 853
522 529
203 325
445 463
644 666
897 995
545 566
396 500
101 254
631 679
745 847
17 326
0 64
436 507
456 460
348 368
221 285
739 805
81 286
439 523
207 322
25 283
587 591
280 297
348 392
694 752
149 226
9 329
774 811
479 536
428 456
586 634
784 827
412 493
592 672
59 271
619 684
373 450
766 853
73 299
378 431
89 327
272 277
414 671
954 969
731 774
500 604
650 659
388 507
14 116
677 682
115 149
86 177
275 328
600 650
439 506
595 659
107 921
465 511
824 828
577 627
635 662
370 475
185 200
0 116
475 483
400 487
413 461
618 631
767 839
916 952
0 144
597 644
402 570
428 492
435 555
703 828
694 738
360 514
616 621
41 151
439 527
0 211
934 952
5 213
703 748
436 484
363 561
708 890
374 496
361 475
92 194
67 212
696 840
373 614
479 512
686 690
203 315
414 590
780 815
107 924
355 402
387 514
397 418
41 326
739 777
716 797
713 778
781 830
88 178
531 570
56 277
458 515
635 681
423 538
103 339
787 814
376 436
224 261
107 943
370 415
417 567
169 322
410 568
705 808
731 853
400 614
395 488
545 553
634 647
26 169
277 285
403 515
439 507
967 993
260 339
573 630
107 641
742 789
544 645
1 194
410 547
129 291
396 474
483 917
170 313
82 119
229 334
375 479
353 520
496 515
0 149
769 856
350 484
599 647
170 334
368 493
959 983
592 620
391 465
185 297
239 272
515 548
38 339
26 67
0 180
392 423
378 544
13 82
80 187
391 517
7 65
460 473
0 218
0 260
25 88
618 653
142 334
238 324
706 810
595 670
0 202
357 505
724 786
765 843
582 681
694 784
698 861
402 438
0 122
708 840
159 184
0 70
617 654
653 666
513 614
98 258
98 123
595 658
500 557
810 842
67 213
397 523
760 781
75 323
0 279
423 651
119 332
204 254
405 478
350 519
388 487
45 303
479 483
308 338
882 886
436 513
546 547
29 82
438 507
595 600
375 456
374 515
439 477
360 463
475 487
659 665
62 223
400 436
440 449
98 113
747 805
507 570
484 537
780 819
574 621
826 842
32 337
446 491
396 422
500 524
515 525
908 950
615 675
0 112
354 452
354 500
368 378
249 304
0 262
106 169
804 889
411 498
177 278
142 308
113 291
483 948
686 764
200 332
370 492
713 726
350 504
41 214
370 563
698 863
348 380
29 203
368 398
9 21
0 87
25 236
643 675
137 289
703 838
709 777
559 566
107 906
141 224
9 26
689 771
600 675
369 469
73 331
720 755
398 503
816 833
45 322
360 543
465 601
107 483
787 849
425 460
0 312
618 682
366 436
626 644
528 543
425 553
355 531
745 784
173 202
731 847
21 284
29 247
541 568
503 517
119 248
702 839
223 261
348 509
616 625
934 980
107 909
360 402
125 136
432 456
348 375
348 363
60 239
465 526
400 493
414 513
422 593
409 419
422 604
526 606
483 542
60 291
409 526
41 144
67 285
755 783
0 99
53 194
739 824
432 513
348 366
368 494
559 651
33 42
0 101
182 253
434 506
771 850
430 456
632 665
463 570
350 419
25 176
417 456
84 265
784 826
745 799
372 545
45 142
36 284
56 188
414 465
589 597
129 339
752 830
496 669
410 463
460 553
728 779
695 697
453 468
0 319
545 559
107 526
856 876
503 538
444 523
19 138
55 122
473 556
484 637
357 469
40 329
752 810
444 538
428 497
792 815
524 637
107 987
787 827
322 339
827 842
79 271
404 496
896 957
455 504
9 285
0 204
4 181
805 827
98 304
198 501
40 142
712 714
397 457
56 211
595 675
80 204
758 849
122 136
348 387
718 770
705 726
359 396
20 326
128 186
353 559
57 302
107 963
324 340
376 544
471 561
0 196
14 226
109 295
861 888
180 299
795 842
538 542
686 749
31 109
659 662
695 842
754 821
927 946
400 651
434 566
461 471
31 252
507 557
402 543
212 232
53 204
101 302
404 560
239 271
188 342
435 551
460 521
713 810
517 606
107 964
575 617
966 982
596 917
109 158
40 224
51 84
799 845
408 461
376 545
348 374
425 479
686 714
164 285
376 567
483 936
493 556
536 538
596 655
941 942
483 567
414 561
713 851
470 562
118 222
719 845
366 553
118 239
885 887
17 115
400 539
434 523
823 848
727 805
465 513
617 648
690 820
372 531
353 496
805 818
98 280
98 128
0 290
111 326
80 180
784 854
407 455
694 829
170 322
39 280
428 606
67 280
688 771
659 675
82 203
592 619
500 563
455 529
72 329
374 561
376 438
109 252
374 432
697 849
400 512
308 334
170 271
493 557
188 322
461 497
388 503
460 543
271 322
408 483
597 623
23 144
72 212
348 475
385 461
473 539
397 422
460 567
926 960
107 929
10 67
0 247
348 431
797 817
374 391
878 886
726 784
431 511
738 805
438 514
170 315
863 876
506 507
630 666
484 536
739 787
92 180
370 388
828 837
354 396
113 277
483 637
400 511
713 781
942 984
348 365
407 510
414 625
713 751
780 838
686 783
515 555
605 630
651 683
78 273
517 520
754 828
121 165
396 531
588 617
479 538
412 428
605 677
349 534
395 567
396 570
698 772
430 484
415 520
414 631
745 853
705 831
55 104
101 194
595 650
107 900
715 842
395 525
376 390
820 845
465 567
686 813
921 980
378 669
862 865
396 568
752 829
134 203
566 593
724 834
720 787
41 140
0 280
113 334
708 730
403 510
606 968
609 666
25 94
115 326
172 261
395 545
348 464
0 206
393 501
397 557
348 506
404 445
805 830
277 339
105 119
497 524
696 824
214 312
483 976
137 312
523 561
56 221
45 122
419 469
119 277
353 432
705 824
67 196
456 512
366 394
437 453
718 758
728 819
84 224
696 842
0 24
582 650
404 537
796 822
730 797
403 470
21 325
21 119
858 881
422 455
168 291
426 455
352 494
99 102
452 544
71 307
373 542
815 838
348 495
580 641
188 274
941 954
921 993
388 412
38 141
115 140
87 213
147 219
414 593
492 676
374 438
418 432
975 981
902 981
686 743
67 248
414 643
352 492
25 141
36 184
107 928
579 611
212 239
249 330
369 509
62 122
432 507
774 800
21 235
466 529
391 567
200 325
413 473
611 680
378 456
109 203
805 837
791 796
65 252
405 568
500 645
408 439
580 606
483 493
285 315
14 41
752 774
573 589
828 844
517 976
697 800
376 591
417 479
752 824
397 419
479 527
579 664
463 504
573 684
708 814
436 559
107 941
376 559
619 623
423 513
88 106
636 677
777 830
94 254
578 635
830 840
354 510
654 672
277 304
906 966
700 794
628 632
708 760
277 324
737 820
686 807
662 670
688 723
257 304
457 563
370 645
703 718
515 524
728 797
354 474
781 827
230 253
0 252
574 596
763 849
25 51
701 821
460 566
475 553
9 295
224 322
762 842
203 331
817 850
40 172
373 465
378 517
107 899
686 696
512 513
462 536
517 525
576 675
576 659
953 978
158 304
366 526
107 596
98 252
223 271
212 295
199 212
697 828
348 401
686 703
820 828
516 518
437 462
107 926
771 818
139 320
686 806
297 323
404 500
836 853
635 643
527 567
87 315
779 838
400 567
695 760
697 820
0 135
405 513
200 297
133 236
693 734
59 118
23 61
244 282
837 840
425 427
431 566
484 493
691 746
21 281
588 633
231 280
463 481
414 620
405 563
395 402
686 687
168 347
313 339
82 123
513 566
360 510
24 302
423 503
556 559
367 481
760 827
0 55
497 527
394 517
239 295
687 817
745 773
348 517
713 816
727 846
199 252
348 411
353 580
400 669
519 555
374 482
417 561
734 849
792 823
588 653
946 947
451 493
223 239
14 28
719 848
109 277
916 947
30 322
514 669
20 149
753 769
509 516
56 297
251 309
360 365
56 271
348 389
698 811
9 119
122 232
373 473
695 829
275 306
389 949
373 645
493 512
687 820
631 639
348 511
226 326
357 563
374 420
662 675
374 475
543 570
707 833
747 810
3 72
421 465
357 509
431 537
363 376
784 800
471 563
271 315
21 186
781 829
0 207
122 322
434 456
739 828
140 312
435 497
414 650
0 164
137 243
503 542
686 834
353 560
180 249
369 433
500 553
101 346
782 804
975 988
747 848
158 291
360 507
764 817
67 271
698 886
0 325
13 271
416 465
614 683
508 520
40 213
177 227
148 176
211 222
762 781
348 551
367 475
754 792
696 719
355 403
627 681
370 669
778 834
455 506
0 84
776 873
107 566
414 658
924 940
218 273
128 313
39 105
556 673
109 148
0 327
0 265
107 973
62 130
400 420
576 583
464 552
479 517
2 312
419 561
431 512
351 564
478 496
88 236
824 840
400 428
687 780
348 434
378 428
232 285
590 644
220 262
56 141
438 566
87 136
56 59
592 633
452 553
40 304
818 839
414 635
0 225
617 680
402 458
873 874
172 342
365 408
456 567
416 567
920 921
136 156
688 726
461 645
348 425
425 456
22 185
348 396
583 661
367 502
739 758
423 683
517 526
430 537
424 516
7 315
709 840
21 159
686 727
432 455
698 774
686 742
715 738
492 517
0 46
402 460
461 527
53 260
53 346
3 170
599 681
630 684
698 864
805 838
367 483
474 500
637 669
686 835
0 315
412 560
764 827
804 882
686 810
107 931
523 563
774 823
567 683
626 677
609 644
368 404
523 544
687 703
901 958
395 561
419 483
9 128
291 332
545 563
372 568
399 564
239 252
0 80
39 277
472 533
465 503
772 856
428 482
178 231
823 853
438 473
419 527
424 469
575 579
370 683
697 834
494 503
408 412
592 598
400 482
49 241
0 100
686 733
741 827
703 764
719 774
592 626
0 89
116 312
200 277
417 500
48 80
513 520
68 175
348 482
705 772
492 641
324 329
463 535
376 526
792 828
406 437
107 995
9 67
609 680
425 434
695 778
107 913
231 315
170 185
2 20
414 480
439 475
62 199
627 640
589 623
67 277
688 821
113 148
734 760
31 83
0 102
507 514
119 163
517 553
348 552
592 623
436 652
694 780
643 659
387 524
25 67
176 188
26 308
726 812
370 432
703 831
400 537
747 831
381 389
698 825
376 397
44 111
422 617
432 506
686 699
694 731
9 304
765 779
217 324
404 484
117 280
0 194
392 492
0 317
25 39
376 506
542 561
50 277
348 418
416 430
475 492
107 956
594 667
92 196
705 784
446 475
132 317
828 846
932 980
0 251
252 334
0 193
450 497
113 271
98 272
368 538
737 830
41 310
373 565
520 542
708 719
0 192
374 507
917 919
617 626
556 652
388 492
755 781
40 298
946 966
507 526
93 337
776 874
426 513
718 817
348 466
49 255
506 645
713 824
363 402
622 678
107 960
494 537
726 766
101 299
414 611
366 493
503 557
0 81
10 200
66 308
620 666
214 289
445 520
436 438
389 457
199 211
628 665
409 538
252 322
63 342
819 835
492 538
130 191
20 41
0 338
103 169
697 698
432 514
261 285
186 322
373 580
529 531
718 747
238 313
773 781
186 199
404 415
461 567
634 651
13 21
971 984
387 465
373 591
714 771
414 614
199 200
428 434
394 614
135 284
953 997
143 278
25 290
529 539
515 557
514 527
200 322
369 477
688 751
0 14
428 545
481 504
436 527
457 486
119 285
57 249
56 75
85 188
446 483
764 793
67 156
374 419
823 824
619 677
378 417
258 295
403 547
101 242
91 201
734 778
374 513
26 315
370 395
26 158
0 158
38 322
330 346
748 758
121 206
434 591
362 473
446 539
524 544
773 810
743 782
471 514
67 290
933 971
170 203
373 374
513 557
373 438
712 839
0 214
589 611
103 136
213 242
719 834
620 644
348 561
778 812
686 803
67 69
484 500
460 542
68 143
25 119
462 525
745 774
99 278
304 341
104 271
597 677
701 747
616 684
490 491
596 618
360 428
686 812
745 781
56 265
870 881
378 487
119 176
583 665
815 824
647 675
438 493
0 28
727 847
133 322
39 119
107 348
431 513
0 166
348 469
493 514
366 555
57 277
118 268
178 186
224 315
553 567
40 199
814 829
506 604
438 596
781 836
428 524
348 426
355 519
483 591
142 203
465 559
592 677
439 513
0 71
242 299
426 504
713 829
348 468
107 994
698 858
9 258
538 545
396 547
582 599
348 534
268 271
194 196
370 414
368 503
107 955
238 271
197 320
589 636
408 419
422 614
39 121
688 697
609 620
440 479
444 559
456 495
261 314
402 451
520 563
698 859
184 346
354 507
107 910
0 10
20 333
412 517
78 218
374 430
716 747
175 225
348 413
417 503
686 832
647 650
107 363
484 566
0 132
470 507
50 148
650 661
268 325
698 881
654 677
628 661
713 815
694 724
0 82
56 63
514 544
787 817
196 330
414 597
0 35
694 719
123 200
348 512
514 561
525 566
635 670
520 527
506 566
204 213
764 779
374 414
387 400
213 239
402 425
745 787
188 208
26 113
507 515
381 509
373 390
21 127
525 563
708 781
492 515
135 320
119 313
645 669
483 641
820 830
861 876
173 649
122 235
106 231
445 535
233 256
7 339
133 188
219 319
48 53
686 792
196 346
573 636
98 271
619 633
368 479
134 248
482 553
504 506
213 303
592 605
637 679
752 766
698 884
414 584
353 538
348 409
422 545
471 559
508 534
619 630
5 187
436 488
896 981
423 517
768 833
373 590
457 518
154 219
29 231
596 604
355 460
96 314
400 559
694 773
199 238
703 835
703 754
486 505
492 500
544 669
583 599
738 826
185 315
348 349
402 559
353 366
348 546
513 610
150 163
0 266
768 786
192 205
404 487
582 661
403 475
493 503
9 72
407 513
40 307
136 169
756 805
246 339
0 106
421 445
779 824
703 747
408 428
459 563
785 846
395 428
428 525
705 748
553 565
109 323
107 940
781 793
576 650
113 134
142 297
376 428
858 870
953 993
461 653
139 197
697 724
589 625
373 527
728 856
380 509
71 230
348 420
461 561
119 189
960 998
792 837
107 919
0 259
815 853
705 752
538 559
641 651
119 200
400 641
708 811
481 555
781 828
28 149
0 242
455 510
0 152
35 143
774 853
579 590
727 824
409 487
903 992
13 59
415 495
373 528
819 838
135 184
828 840
524 683
0 2
25 203
703 739
93 310
686 694
703 741
172 298
686 789
483 559
350 384
824 834
385 483
374 669
0 61
150 189
322 323
0 256
513 606
698 745
483 494
741 763
9 156
828 851
412 492
62 98
705 778
804 878
626 654
368 527
271 323
431 527
428 962
374 376
465 517
428 451
483 515
517 524
496 637
500 565
252 265
5 156
48 299
404 493
271 313
391 539
640 681
829 834
1 280
348 470
257 322
603 605
603 684
489 555
410 555
402 415
380 505
462 487
520 524
414 602
85 176
578 599
21 40
231 332
1 346
543 563
187 249
636 680
24 80
686 843
9 56
437 532
531 568
213 340
506 508
0 226
421 558
409 561
98 313
122 123
456 473
271 276
694 800
422 680
373 651
439 544
170 260
398 431
348 440
414 599
373 387
491 502
686 710
503 511
712 767
77 294
522 531
372 543
107 965
493 517
363 484
414 676
78 275
603 611
56 128
85 323
0 335
728 835
107 933
461 523
54 313
387 520
378 488
0 40
62 200
770 803
719 814
460 558
13 313
781 853
583 615
0 98
417 506
946 993
444 488
373 417
590 623
422 474
431 506
710 805
0 45
412 529
719 840
423 646
4 306
333 343
53 317
350 455
97 230
374 520
718 803
599 632
204 329
186 222
707 768
348 491
398 517
420 483
373 434
119 324
705 849
113 342
48 199
473 479
686 722
348 513
414 663
389 505
494 517
556 563
481 519
781 810
391 506
694 805
461 506
793 797
353 637
186 271
348 560
444 475
528 563
417 493
698 703
159 345
80 249
497 523
414 642
391 524
412 460
773 780
395 400
686 768
625 633
746 782
414 587
31 129
370 548
19 319
367 412
825 864
261 313
88 130
527 561
458 482
350 561
514 569
374 492
400 556
577 635
493 500
553 669
741 781
324 331
632 643
392 566
436 561
627 661
459 551
26 257
686 798
640 643
483 606
566 651
7 246
473 542
816 850
104 142
513 537
664 685
370 376
107 967
414 428
0 320
107 969
456 561
107 915
119 229
687 739
374 591
0 200
844 848
0 222
148 185
370 591
28 312
635 661
104 325
728 828
492 495
350 546
576 578
689 712
98 103
723 727
408 537
596 663
362 460
807 823
768 816
53 249
363 651
376 417
483 614
355 367
736 818
815 847
423 587
0 65
451 569
96 323
513 637
797 849
830 846
414 629
149 312
703 728
932 982
606 917
615 662
348 421
982 983
280 323
414 515
187 266
526 637
408 517
688 805
686 802
122 323
397 563
128 315
397 506
874 887
398 536
412 417
752 834
375 494
109 297
686 702
426 531
496 514
0 133
450 481
475 544
99 143
422 654
460 563
640 658
122 277
483 580
128 322
135 197
376 396
373 559
59 172
360 388
507 524
718 748
107 938
405 428
367 422
637 641
364 501
272 346
107 939
363 525
456 497
200 271
729 753
56 334
119 132
254 266
941 969
419 537
432 465
695 824
456 523
104 122
719 820
595 635
645 671
462 494
0 287
487 500
506 521
422 520
374 444
13 199
348 385
688 792
496 566
19 312
496 553
587 651
784 828
107 580
414 651
353 976
755 797
614 676
414 656
864 893
517 601
793 808
348 544
698 871
513 651
428 452
452 463
583 681
56 252
438 525
867 885
27 324
647 662
105 236
424 435
409 493
766 827
689 714
460 475
376 652
56 223
426 524
724 814
25 65
40 72
740 748
75 258
0 67
158 332
766 847
141 271
805 807
805 810
122 297
734 803
397 510
118 277
360 561
170 323
436 496
708 747
481 522
492 669
348 449
0 188
1 92
461 507
705 715
368 525
243 337
430 483
348 406
32 93
455 528
927 947
558 570
484 497
376 580
80 299
462 538
707 767
604 645
261 297
198 351
0 163
705 722
578 650
31 338
566 936
438 553
483 962
404 559
408 438
395 412
876 878
695 719
686 716
422 636
412 558
368 517
713 827
402 493
357 397
803 840
80 346
86 227
303 322
492 651
78 306
359 530
98 261
507 544
53 196
475 580
8 193
133 271
428 461
272 304
107 925
697 823
165 188
313 342
186 252
503 556
367 396
465 561
348 439
428 594
348 501
718 827
747 856
19 175
387 461
94 204
1 236
9 322
884 893
432 566
198 549
376 502
203 322
872 887
368 497
475 555
599 635
708 797
348 527
352 503
362 463
947 978
579 653
26 69
807 819
765 856
370 451
162 326
635 650
122 200
7 22
363 482
916 946
100 189
122 186
92 187
402 507
101 204
726 731
554 563
544 556
368 375
132 311
203 308
834 842
686 692
708 774
813 833
311 325
172 232
686 762
0 302
566 637
784 810
713 752
99 175
19 89
510 555
632 659
378 614
389 516
828 849
355 412
324 332
503 559
361 463
403 452
573 672
586 646
376 614
26 200
72 199
170 341
686 840
122 284
456 545
0 91
913 914
198 348
583 662
432 527
213 236
753 856
553 620
528 553
350 563
200 334
431 475
418 523
0 143
513 524
391 446
829 847
392 559
370 604
391 591
781 842
600 662
702 822
766 800
438 604
830 849
504 562
760 784
25 103
211 239
107 538
728 817
637 957
40 271
475 517
395 413
584 592
14 115
591 651
748 779
512 560
773 842
56 342
526 538
475 519
398 404
793 817
519 531
178 345
549 563
579 685
924 954
879 894
348 402
580 930
428 526
697 727
103 271
355 481
127 139
576 661
152 339
422 631
141 291
360 415
414 622
815 835
810 853
925 999
834 847
409 517
0 85
438 503
495 520
465 500
513 641
73 130
627 643
490 502
353 514
422 620
698 819
363 374
676 683
350 552
538 651
200 276
178 206
423 506
561 606
715 781
503 524
741 800
815 834
705 809
914 915
395 514
705 718
706 805
770 845
856 863
705 847
805 819
141 280
417 507
370 527
483 517
803 837
402 417
376 460
360 444
709 739
322 342
698 870
497 538
26 134
107 923
504 522
48 180
828 829
798 855
425 428
421 455
754 830
817 828
439 445
539 568
598 625
458 507
513 563
186 331
0 11
727 849
26 62
389 469
0 96
633 644
582 632
513 523
446 517
199 231
407 426
686 751
100 217
170 252
856 878
755 827
573 611
3 9
141 199
515 620
514 517
376 400
698 895
398 525
731 766
601 630
246 322
348 568
0 272
143 177
25 169
603 654
439 471
353 460
113 261
388 421
428 683
67 223
360 387
362 560
146 339
456 527
88 322
391 512
417 444
166 198
705 713
772 805
0 88
119 329
395 683
0 48
497 515
239 325
348 521
40 325
741 828
414 559
400 515
367 525
697 856
783 827
428 500
349 508
432 510
718 823
388 537
412 683
460 508
709 843
645 651
7 136
0 97
348 370
484 527
151 312
728 838
755 836
687 747
1 299
117 231
556 614
415 542
251 281
0 155
538 580
107 651
583 600
9 176
107 905
444 504
712 816
686 774
450 489
93 137
917 938
366 936
26 224
436 635
249 346
107 376
175 296
770 777
376 527
475 545
73 126
67 322
686 826
497 545
0 313
719 800
25 246
465 566
243 310
482 484
222 325
392 514
776 872
200 232
366 402
428 507
180 196
800 853
362 415
734 784
697 781
477 563
118 211
590 612
428 558
378 496
611 654
772 845
586 587
0 258
809 817
21 31
348 416
413 445
637 645
430 559
392 456
120 277
373 397
107 975
720 764
381 551
463 524
113 165
605 654
231 232
277 334
636 666
213 231
350 543
417 513
368 462
395 560
460 461
23 227
0 169
497 561
285 322
9 170
348 548
211 315
141 236
463 517
458 496
688 747
88 303
374 563
629 630
423 645
744 848
199 342
925 980
766 780
308 322
78 328
737 773
134 304
551 554
378 484
982 998
712 782
66 134
391 525
348 395
455 568
3 280
456 511
400 432
702 714
507 563
366 637
0 29
417 438
511 556
489 519
680 685
21 304
0 195
561 567
698 889
370 507
897 947
363 507
119 318
686 847
603 625
119 297
111 312
376 434
439 442
436 483
619 654
378 482
301 324
400 503
185 280
723 734
542 559
404 512
252 342
428 669
584 618
370 523
658 662
38 248
116 162
392 503
360 442
57 346
705 724
81 269
21 334
425 477
661 675
239 304
418 557
40 231
582 662
493 494
469 554
462 512
726 754
461 475
232 322
21 105
531 543
706 752
417 542
917 942
211 223
353 566
27 119
896 989
381 424
489 547
888 889
705 781
417 508
121 236
606 641
376 395
561 604
378 391
726 752
382 410
713 842
482 548
404 556
724 827
352 431
531 547
408 431
119 208
728 803
30 331
430 451
716 770
819 856
30 236
433 504
280 291
480 543
173 464
402 566
695 840
751 784
50 203
363 521
395 614
438 676
526 651
378 580
537 538
719 853
122 203
731 781
731 805
414 578
783 797
751 842
484 559
363 475
397 514
966 978
397 477
414 639
277 291
688 824
373 502
465 525
793 849
16 261
430 432
142 161
686 791
428 609
363 417
483 671
578 583
497 517
128 271
686 796
388 544
9 105
700 745
686 758
378 641
387 525
711 752
363 542
482 515
31 142
815 845
774 843
391 580
444 500
188 223
510 513
628 681
436 604
709 848
184 281
158 339
55 239
415 558
8 201
654 664
348 452
353 412
724 823
350 497
697 848
432 451
724 821
369 419
14 326
25 336
0 240
13 67
438 488
418 514
505 551
697 731
867 874
111 214
736 833
729 861
127 284
830 856
65 118
577 582
76 270
694 756
633 636
412 423
726 781
22 339
360 567
373 680
696 745
354 519
417 495
477 554
186 272
107 993
417 428
99 131
417 460
705 763
694 695
523 570
720 745
695 830
615 670
711 727
786 829
703 827
592 630
647 665
119 146
792 835
1 53
391 637
556 683
388 496
378 497
471 524
686 760
414 627
561 591
156 188
524 614
115 220
62 96
0 17
176 239
212 271
450 539
107 945
26 133
438 556
734 842
804 861
412 591
589 664
617 677
726 834
271 272
774 856
574 630
713 782
425 534
687 697
732 789
315 329
57 184
460 506
0 50
141 323
407 504
52 192
725 732
5 315
96 213
456 493
657 682
348 414
483 560
376 458
172 271
773 821
84 304
98 200
394 515
360 497
709 823
603 623
55 185
3 85
475 482
800 814
596 609
686 838
203 261
627 665
63 313
782 813
815 823
612 678
688 695
398 527
578 661
0 323
627 635
375 503
363 432
471 553
506 519
348 454
576 627
348 531
573 677
632 635
141 276
451 513
50 334
0 220
291 329
376 586
697 815
856 888
422 655
442 563
641 915
483 553
800 823
575 664
0 66
161 314
391 400
320 329
414 598
353 606
414 500
231 239
707 742
611 653
92 94
355 470
127 346
420 507
513 559
630 678
898 969
509 518
577 659
175 227
0 278
810 847
397 439
348 473
461 492
376 523
25 276
56 104
355 546
280 290
747 764
815 830
479 525
162 343
456 538
68 263
729 863
510 553
451 507
497 560
728 764
26 252
391 488
348 549
422 657
119 188
486 551
273 275
597 618
57 80
142 186
376 465
238 239
388 444
0 134
360 438
689 789
167 243
573 575
366 542
728 747
228 283
559 676
0 300
797 820
361 530
747 838
66 113
697 842
142 188
315 339
110 264
694 845
760 814
456 484
620 636
53 54
25 239
370 544
67 104
59 186
419 484
373 500
0 43
824 842
834 853
695 780
26 232
200 224
0 285
429 481
348 407
38 178
546 555
248 277
694 821
747 830
19 41
8 245
637 936
754 815
322 341
107 606
475 527
686 725
457 554
597 653
214 230
497 520
636 685
395 511
686 852
25 186
688 853
713 747
450 531
397 469
203 238
366 538
67 239
355 489
814 853
1 133
0 69
659 681
195 218
686 712
0 332
634 646
396 475
727 828
957 981
553 566
414 660
489 546
514 548
56 331
1 54
686 820
703 845
395 645
548 556
500 542
460 560
239 261
348 358
50 331
461 465
484 526
506 545
745 815
927 993
0 264
62 276
113 199
606 669
770 797
357 518
432 471
724 794
30 303
589 592
582 658
444 483
13 211
96 274
456 566
58 107
458 490
348 524
0 237
488 511
391 458
104 239
777 779
9 141
460 507
56 291
148 261
423 461
26 313
382 452
159 197
425 439
636 684
779 828
729 886
866 895
412 496
223 342
687 774
640 661
898 942
48 130
719 787
942 971
25 83
30 73
108 184
363 565
348 520
589 620
686 821
59 82
478 508
456 559
348 465
391 669
348 350
599 600
40 200
439 458
688 719
400 492
436 506
82 169
698 708
532 572
423 637
457 459
906 925
588 592
394 408
475 497
9 161
722 829
428 431
793 850
774 819
711 810
200 324
590 633
21 251
897 922
773 820
930 962
424 486
430 563
416 494
137 214
123 186
428 473
423 492
0 324
431 556
455 500
600 640
755 787
577 647
194 249
504 531
213 332
366 606
577 662
762 827
483 561
643 658
719 737
67 203
475 556
161 277
483 503
395 678
77 332
203 272
119 323
408 479
348 436
404 536
694 745
764 805
870 871
421 563
705 780
414 607
246 285
870 894
517 580
109 303
13 265
696 795
913 968
726 780
408 524
792 850
817 819
507 553
678 682
372 539
363 378
374 514
423 561
252 332
98 331
92 242
432 561
386 401
181 218
456 537
394 511
653 654
430 503
391 487
573 644
3 323
618 685
13 65
107 353
733 839
484 525
469 486
194 299
428 479
107 414
479 520
370 561
515 519
483 537
13 238
438 456
98 238
2 149
934 993
705 830
520 561
654 666
0 73
227 296
366 976
599 670
104 188
353 503
391 414
737 843
484 606
0 123
1 322
544 553
389 518
399 476
863 889
782 833
579 639
694 853
414 514
418 506
828 842
588 654
421 500
473 561
49 192
92 330
643 681
373 556
583 647
122 345
3 122
397 531
686 698
224 324
490 523
436 563
696 778
348 377
141 258
514 525
408 514
392 515
357 424
409 497
355 475
784 834
0 181
107 911
418 504
0 13
897 927
0 52
53 92
600 670
419 559
719 756
398 559
696 774
598 677
0 216
688 847
637 968
584 660
577 675
397 421
770 781
419 492
0 347
0 38
400 484
348 485
433 533
916 999
372 410
21 280
475 563
373 408
698 769
917 969
598 619
104 113
538 606
105 272
525 548
474 546
706 713
713 766
47 301
416 563
922 991
431 525
36 108
483 525
65 203
348 484
122 128
475 496
149 333
181 195
421 444
0 205
204 277
123 342
730 849
769 828
224 276
773 824
612 630
754 823
378 502
531 563
687 828
223 265
505 554
686 781
414 582
30 188
780 845
304 308
9 277
186 345
707 816
56 185
786 833
445 492
83 237
50 314
82 121
686 708
421 545
686 819
0 182
2 226
373 544
252 345
396 555
417 545
395 452
946 991
705 843
460 524
21 109
398 545
0 168
185 344
719 784
98 203
630 672
981 988
495 570
724 781
374 488
705 739
109 200
212 252
368 559
67 141
420 484
361 489
484 538
380 516
387 395
691 782
4 328
706 847
520 544
305 312
252 308
414 553
361 450
142 345
213 315
752 853
145 179
41 116
395 559
392 460
428 591
211 268
107 896
53 254
544 545
374 521
382 555
376 489
600 632
724 824
391 515
175 277
510 563
394 601
187 194
348 519
122 248
504 539
465 669
376 637
72 291
633 680
20 214
354 497
1 126
248 332
705 770
413 542
392 431
561 669
348 528
500 514
553 570
363 591
414 596
376 645
105 257
513 542
819 827
703 705
94 330
752 773
271 290
20 312
213 246
414 592
376 420
705 787
578 640
359 452
107 920
686 788
776 877
419 431
0 60
706 815
798 852
419 475
757 775
280 304
423 465
0 185
417 527
366 376
100 323
107 982
363 606
511 525
472 567
359 531
119 203
822 829
748 787
0 330
582 627
697 890
158 232
559 637
456 494
434 458
271 298
686 767
86 278
72 165
420 465
592 621
72 239
792 807
687 807
392 506
21 123
713 847
376 413
531 546
107 629
107 986
257 280
24 266
896 984
143 321
30 213
688 752
394 520
348 356
589 605
21 200
313 314
408 493
348 369
455 541
137 167
415 545
94 315
563 594
98 291
348 357
423 614
150 324
703 792
747 820
561 683
432 504
98 285
469 563
544 559
728 741
471 475
376 561
781 834
643 661
781 823
484 968
174 293
419 567
355 557
525 527
348 503
896 954
483 524
439 553
402 524
0 307
484 567
716 799
506 537
376 531
436 523
431 517
36 281
143 175
432 439
82 170
40 232
0 187
130 329
172 277
58 171
686 729
172 332
56 272
695 718
823 843
764 807
688 727
583 595
397 541
414 600
504 555
21 161
688 834
617 620
734 766
418 568
755 809
467 532
404 545
728 807
752 827
791 822
26 322
391 460
456 525
188 239
741 823
724 742
578 595
497 510
781 805
100 269
622 623
393 441
53 248
272 285
31 200
0 328
20 343
423 558
172 203
507 523
466 522
348 472
870 895
239 265
573 654
357 516
714 725
705 799
708 713
771 839
188 291
504 553
23 245
361 481
25 84
542 553
366 520
458 553
249 266
517 905
284 309
365 556
579 597
688 694
622 639
132 158
364 441
544 604
360 362
40 158
438 465
59 250
524 525
348 494
574 616
686 761
373 392
500 556
397 449
698 803
407 528
686 787
122 239
542 560
373 513
526 553
394 475
797 809
242 322
422 555
388 548
404 465
603 619
916 967
53 101
423 430
978 980
161 271
754 777
632 661
98 186
475 488
40 277
122 156
414 588
378 514
397 570
724 828
26 161
506 514
56 98
107 999
24 242
465 493
109 119
363 455
771 802
398 430
387 428
653 664
579 677
0 250
59 211
252 272
68 99
525 537
19 112
239 276
705 747
713 794
63 261
438 548
601 637
769 890
392 436
55 203
170 290
719 760
115 312
697 830
460 463
525 538
450 557
72 141
304 315
0 119
514 537
583 658
370 515
348 442
161 199
113 304
430 514
0 51
436 669
747 773
403 497
686 837
504 521
366 408
404 479
355 376
760 766
111 310
553 614
26 276
458 489
430 541
261 265
437 467
348 361
743 833
872 873
688 815
188 200
461 553
503 513
512 526
616 660
632 675
422 630
726 845
524 651
299 302
348 373
824 849
414 619
360 422
22 308
372 570
4 275
428 563
394 544
745 824
376 517
506 559
223 315
98 276
169 236
694 726
694 830
456 563
465 471
737 815
600 627
30 329
576 643
9 232
686 771
497 565
56 62
605 626
152 275
199 203
56 132
415 445
402 495
636 644
488 497
596 616
811 869
188 290
56 232
612 617
584 639
615 627
397 444
901 963
498 532
724 766
686 846
0 295
686 688
162 333
763 770
497 542
765 835
414 609
426 510
592 682
604 669
376 461
917 933
805 814
438 520
686 849
719 773
75 272
56 298
370 646
159 320
120 247
56 261
477 516
348 437
503 537
423 444
412 422
431 515
766 784
361 557
698 747
820 849
180 187
925 978
804 856
323 332
686 841
504 570
412 523
713 813
122 224
249 254
686 811
691 833
588 682
142 169
277 342
523 553
824 853
428 641
553 561
0 12
353 420
369 554
60 285
417 421
348 526
281 320
82 231
272 281
811 890
163 249
458 555
40 265
781 849
809 827
26 212
500 537
354 531
409 542
29 106
0 316
795 829
417 445
412 604
592 616
771 789
14 149
55 170
93 111
492 537
367 491
457 505
717 852
369 563
98 141
491 548
556 676
698 719
375 538
370 540
806 850
376 524
135 281
359 405
492 544
370 461
348 427
173 348
658 659
103 252
728 787
169 318
412 506
397 507
457 477
783 820
355 361
615 632
36 251
428 508
483 919
0 114
734 846
922 946
412 456
376 378
98 239
728 774
181 273
399 501
85 274
462 532
718 787
409 521
617 666
413 460
374 527
748 764
444 507
376 507
713 819
787 809
391 412
483 487
896 975
688 766
738 794
348 372
40 132
21 134
695 701
364 476
266 346
46 177
186 239
119 125
475 566
402 412
766 820
136 304
378 676
864 884
391 438
654 680
514 524
25 331
62 224
271 314
449 563
118 324
382 474
21 272
563 566
105 280
696 834
404 440
353 417
44 343
484 936
439 473
615 659
348 448
417 497
0 130
453 498
714 818
725 771
697 753
686 732
493 526
492 604
687 759
805 842
733 768
389 435
118 203
198 476
59 98
0 217
807 843
695 745
391 503
314 342
113 119
107 957
902 975
427 496
26 98
378 495
752 800
574 584
370 436
458 497
394 436
0 59
633 653
480 563
299 330
619 644
395 537
701 726
783 817
64 217
514 614
0 6
768 839
475 481
24 53
238 252
500 566
82 252
14 214
592 625
433 455
0 255
360 373
59 239
0 3
249 302
133 224
741 807
367 391
451 503
774 830
398 493
397 518
713 738
690 694
482 496
578 582
402 514
661 665
444 531
592 636
0 289
465 506
285 303
511 538
374 463
381 554
122 281
420 566
109 325
764 828
702 789
760 828
414 431
741 835
271 318
616 678
391 483
252 313
583 627
80 173
79 200
122 285
75 188
372 455
104 123
109 118
705 720
698 887
290 323
352 394
169 291
414 655
428 930
439 542
611 684
118 172
538 561
711 842
694 772
0 5
475 561
355 359
665 670
98 277
471 513
0 343
25 221
262 312
686 795
473 525
516 563
372 460
825 889
88 242
492 567
375 398
595 615
4 195
13 188
423 553
631 678
604 606
454 564
21 98
471 566
773 828
366 373
428 475
198 564
502 539
119 171
450 475
211 272
118 265
365 513
373 431
348 381
726 751
252 271
56 186
459 516
457 469
414 683
828 847
725 839
0 146
598 636
44 312
361 376
374 451
98 148
694 834
423 428
475 490
723 766
378 461
160 260
348 423
738 760
705 835
422 460
23 51
482 525
46 278
686 804
686 833
376 563
408 417
716 795
56 276
62 67
897 991
373 391
398 479
412 438
835 838
432 475
61 193
444 517
438 497
471 515
705 773
196 204
727 800
88 164
728 730
402 475
419 565
107 991
376 570
348 541
67 142
400 475
373 376
739 840
507 556
460 570
584 616
417 537
697 760
618 630
512 538
13 148
742 786
719 720
362 492
21 297
876 882
158 322
236 276
40 274
177 225
632 662
515 517
41 93
414 677
795 853
515 580
752 842
420 471
422 483
373 561
362 412
387 544
261 318
360 513
21 25
40 133
21 39
376 432
412 488
376 388
487 513
24 94
618 680
579 666
266 302
231 329
537 561
414 496
414 563
161 213
772 828
400 517
119 148
0 342
463 547
724 784
223 252
236 315
0 201
395 544
350 407
400 456
118 238
436 517
3 283
492 503
503 560
367 548
695 696
579 625
417 461
387 506
439 514
169 332
838 840
348 435
55 186
599 643
123 318
376 414
227 278
515 637
503 539
422 497
371 460
456 503
66 252
422 444
615 681
494 559
746 833
698 776
376 556
395 520
115 343
576 600
348 450
198 364
199 315
353 446
21 67
951 973
0 165
315 345
808 809
53 330
46 143
387 406
21 169
609 612
69 236
449 543
626 657
67 72
146 148
14 20
165 200
461 542
188 280
395 408
363 370
626 664
370 413
438 606
513 645
348 557
713 834
103 285
967 980
724 754
165 334
353 601
95 319
0 156
754 840
703 730
0 104
438 546
612 636
647 670
348 508
194 254
200 285
414 558
434 604
731 752
686 744
465 580
686 816
584 678
146 313
686 715
686 855
91 259
705 762
483 984
384 464
378 452
370 387
784 829
67 334
686 848
107 897
0 263
758 808
452 519
400 542
48 119
132 334
363 637
395 398
224 232
313 325
504 513
238 325
432 460
23 230
419 518
412 542
461 591
705 741
423 497
348 476
85 271
820 831
734 770
457 516
26 304
162 312
690 831
108 284
13 304
172 252
348 386
56 169
513 580
68 296
67 169
118 252
604 651
444 545
972 983
738 781
719 747
26 55
21 197
524 542
599 659
739 774
0 79
669 671
765 823
942 969
0 232
395 524
497 567
370 520
618 684
67 342
686 724
431 493
436 475
616 622
136 315
181 306
79 185
727 854
559 591
542 556
124 170
322 329
363 444
348 567
701 842
188 315
732 802
378 465
512 515
694 795
224 291
719 724
368 371
374 483
373 548
465 473
605 680
597 603
108 251
21 170
28 144
366 438
376 490
201 259
738 813
840 856
0 235
414 585
734 756
766 805
627 659
781 824
21 88
414 544
524 566
901 938
374 544
408 465
128 169
304 325
0 190
727 756
128 252
402 544
40 317
500 591
779 807
492 553
31 168
735 819
579 605
274 323
122 141
39 200
122 274
465 591
475 524
204 266
513 634
395 456
573 597
739 793
703 824
439 520
137 326
566 567
363 366
113 142
414 664
395 461
84 237
805 880
16 332
697 844
352 408
824 835
140 326
213 272
265 325
745 830
419 536
521 544
719 829
0 72
387 507
0 283
352 368
795 820
902 957
0 243
103 200
724 842
686 709
82 222
144 326
713 848
122 188
420 432
353 363
144 343
355 396
1 88
368 395
745 845
370 439
573 618
348 555
697 747
397 544
412 481
388 452
398 561
372 558
465 507
719 731
503 525
686 836
705 754
941 945
617 619
391 456
274 341
387 412
465 483
622 663
21 188
417 431
461 606
194 346
416 569
128 172
395 523
211 285
376 548
107 902
254 299
400 488
708 824
436 511
517 537
28 116
734 829
204 242
527 559
778 830
504 563
395 620
352 462
363 487
236 252
96 190
477 518
348 394
763 804
118 325
485 518
107 984
764 809
579 589
719 734
423 559
304 322
507 517
805 843
422 547
483 535
352 525
203 338
465 558
187 346
559 580
709 835
688 856
414 580
697 705
451 561
226 312
53 266
694 847
752 759
172 265
418 547
424 509
627 662
695 751
430 497
824 837
27 54
475 930
471 537
366 484
438 511
819 848
148 272
395 465
199 314
409 456
726 815
658 681
50 113
484 514
484 913
0 140
26 66
483 484
609 619
109 271
698 874
392 473
389 419
412 549
424 554
694 828
131 225
567 580
698 823
271 297
780 805
141 272
455 557
370 416
719 726
24 57
53 302
148 224
353 471
236 280
366 559
112 174
88 336
41 111
751 830
436 673
203 342
0 90
713 787
580 936
363 976
355 410
470 519
599 675
75 322
0 291
85 272
388 523
9 169
711 828
363 544
353 408
211 261
0 42
944 977
357 459
586 645
25 297
460 547
353 370
686 711
713 736
578 681
835 837
500 683
362 535
686 827
701 778
252 304
458 514
392 556
694 820
9 85
277 323
426 563
408 512
714 789
376 553
615 635
133 141
99 227
313 315
414 427
109 169
277 280
34 414
417 560
755 849
299 300
429 529
575 654
9 323
503 527
376 606
251 284
623 654
619 653
348 516
415 535
752 815
107 934
397 426
130 300
475 513
696 711
483 669
600 658
688 739
635 659
699 833
56 136
348 417
109 314
475 484
513 561
66 67
117 285
712 768
579 616
700 784
211 304
113 169
373 463
689 702
368 521
520 570
445 500
309 320
20 226
280 332
431 434
394 542
372 444
736 816
460 544
475 542
428 544
104 332
408 488
80 266
394 512
423 425
137 310
373 395
16 172
600 681
444 487
0 224
474 557
756 847
412 416
709 838
995 997
397 504
107 996
465 475
792 824
878 889
687 819
547 557
252 325
390 450
355 500
708 823
732 839
273 306
180 242
40 322
166 202
710 847
496 517
583 628
348 533
352 412
497 526
56 142
0 121
718 781
0 113
28 41
84 276
107 970
921 952
787 836
188 285
119 271
387 444
367 519
127 159
805 831
370 456
387 561
348 390
695 738
348 550
779 840
592 612
444 506
703 765
869 890
483 651
199 304
738 751
452 465
266 330
348 384
573 664
8 264
802 806
438 513
497 503
354 547
348 500
409 460
421 457
0 249
395 527
450 463
65 82
280 329
118 199
373 388
745 817
355 547
686 805
412 524
353 475
474 481
686 814
348 433
520 567
216 243
465 537
713 742
627 650
200 248
465 569
445 493
376 646
460 559
92 101
442 475
545 561
0 231
714 839
925 993
484 520
412 593
188 252
348 378
414 636
428 561
705 823
412 559
452 489
65 261
774 820
400 514
810 815
184 309
726 805
686 720
644 680
0 78
374 517
395 495
747 793
352 398
781 800
366 566
26 323
290 322
373 414
80 330
199 239
438 460
686 770
818 822
67 161
592 597
67 185
0 261
719 727
753 819
514 566
391 514
374 566
67 315
132 303
780 824
354 355
257 272
770 824
450 474
67 134
376 492
719 842
430 566
89 219
374 504
432 497
436 542
520 523
941 984
662 665
23 155
395 431
194 302
370 423
370 420
417 570
13 325
80 213
739 797
277 308
225 227
0 138
0 151
59 252
56 72
127 272
526 906
482 506
170 176
370 452
584 679
859 885
483 930
695 784
696 828
252 297
211 325
830 845
360 461
432 521
432 483
417 515
404 511
709 805
455 565
373 683
402 523
431 500
123 252
616 618
389 397
705 755
0 153
109 122
870 879
5 169
0 322
4 152
98 122
695 777
48 203
606 915
107 898
398 494
957 975
169 248
966 999
92 249
615 628
773 847
56 239
119 252
830 853
53 242
426 544
507 525
566 676
394 488
0 109
430 493
413 448
392 567
395 553
747 758
419 540
686 815
619 625
107 918
693 778
431 507
113 325
475 591
150 329
630 655
36 320
99 225
9 231
224 271
348 391
414 621
0 339
128 176
574 579
25 79
599 650
573 623
34 173
595 640
395 483
662 681
62 161
871 895
404 542
766 824
758 783
938 992
573 617
780 792
465 556
810 856
369 397
0 30
678 685
697 835
438 492
72 271
170 223
122 213
686 754
232 298
482 517
430 525
254 302
0 246
373 439
643 650
412 544
416 493
271 342
360 417
730 747
764 797
353 542
745 747
592 684
752 820
600 665
414 436
806 822
0 49
185 272
26 170
0 198
686 831
87 291
297 322
434 497
41 243
348 480
403 553
388 567
104 186
436 497
420 553
56 313
388 445
414 492
0 275
0 310
156 295
348 460
726 773
475 491
414 566
489 557
787 797
639 682
55 56
387 503
161 258
734 805
119 185
696 773
104 277
661 681
703 820
6 147
748 797
492 561
0 238
493 525
56 119
25 113
167 337
761 800
82 158
208 285
211 265
517 527
62 261
186 221
774 810
505 516
705 731
355 555
718 809
0 62
416 557
693 844
348 367
500 538
159 277
170 239
686 726
373 553
601 629
402 436
23 267
0 74
716 820
376 394
428 517
500 517
658 665
128 150
690 713
577 670
204 302
118 134
701 794
280 315
84 236
455 531
748 793
374 402
487 538
59 261
104 322
107 989
0 16
91 110
355 528
765 780
422 438
567 646
402 542
705 764
747 828
64 100
203 297
697 721
64 189
483 942
404 538
423 523
53 191
360 555
21 56
56 285
618 619
452 510
579 636
619 678
310 337
617 644
376 683
404 482
26 142
650 658
391 566
414 632
748 770
417 566
348 547
828 838
823 880
596 620
686 740
369 455
750 770
730 763
56 161
40 203
16 118
80 300
782 829
640 650
92 266
606 936
59 342
122 303
695 706
726 821
423 431
7 291
587 646
754 773
439 487
686 799
698 891
770 849
428 553
363 463
641 962
742 768
626 680
481 531
48 88
34 348
465 515
828 834
352 404
368 419
688 840
460 515
686 741
412 527
917 964
323 341
79 188
0 199
713 840
361 470
408 500
56 172
688 774
360 570
907 948
686 701
200 223
428 676
781 783
149 343
617 630
553 556
25 272
687 765
0 244
22 168
420 556
45 104
410 557
578 627
919 942
766 830
614 645
812 824
719 745
113 158
724 734
661 662
116 326
40 272
463 507
621 622
497 566
944 965
438 563
732 791
439 538
596 678
119 269
21 308
428 520
514 559
767 768
302 330
706 731
410 500
695 724
395 507
488 559
31 51
234 239
0 7
366 496
408 526
575 589
394 400
480 540
360 544
461 669
312 343
143 225
398 409
414 556
731 784
412 431
360 506
687 856
438 517
473 535
708 769
360 370
423 473
168 304
583 659
0 294
184 320
180 346
620 672
580 601
781 815
348 537
366 475
376 405
503 526
414 669
752 823
56 222
760 800
487 525
781 784
824 847
645 646
280 322
370 373
408 445
748 831
698 876
434 488
712 822
686 775
67 98
94 266
25 73
396 548
107 951
419 488
650 670
25 257
409 536
696 853
115 214
265 313
374 525
428 601
616 630
488 512
374 412
246 315
26 332
248 323
686 790
376 496
354 555
404 503
402 506
378 515
687 777
397 420
109 331
348 412
443 453
26 72
747 809
819 834
56 315
380 486
538 566
0 15
122 344
374 439
102 227
686 818
946 960
48 332
800 810
53 146
713 814
418 544
0 162
185 188
727 845
402 421
511 545
504 571
257 295
142 332
304 332
696 784
429 539
348 397
925 946
771 791
688 800
25 200
373 378
695 700
820 848
687 783
40 257
130 213
515 654
271 332
702 725
523 534
370 430
408 444
739 754
378 434
420 506
599 615
698 798
135 251
512 561
169 277
388 438
698 877
8 259
432 438
537 567
0 58
277 290
921 995
172 329
8 110
863 888
693 824
376 391
444 445
374 465
284 320
525 542
172 313
879 881
445 465
285 332
45 132
368 408
303 345
184 197
195 306
238 261
414 608
82 325
909 955
446 548
414 684
598 680
391 423
56 113
409 503
770 799
0 213
658 675
686 784
484 953
67 236
5 180
373 604
32 310
122 170
107 971
440 525
386 532
400 465
695 844
67 158
916 925
109 304
367 546
388 483
598 605
567 604
394 683
0 9
16 331
438 475
302 315
611 625
0 77
7 38
713 845
197 251
348 463
389 459
9 185
348 477
414 675
378 553
0 141
297 324
542 580
450 519
688 724
143 227
419 452
728 823
203 304
22 87
67 297
360 553
170 274
190 229
588 678
774 807
67 261
763 820
373 506
465 524
419 487
385 436
48 126
348 457
780 803
38 332
400 538
67 123
412 430
766 826
618 678
130 346
627 658
650 665
107 997
506 523
376 547
429 522
654 685
487 492
25 280
817 827
119 325
412 414
55 200
0 44
348 478
375 493
428 460
814 827
400 544
444 473
91 193
352 542
514 683
232 291
735 769
395 497
116 214
107 958
925 967
698 894
370 559
348 486
805 829
709 828
363 553
277 294
40 258
370 417
582 643
597 636
438 495
583 640
745 760
740 817
714 806
629 641
695 713
17 312
686 809
391 513
26 141
630 664
706 773
728 773
723 849
396 510
479 561
954 984
367 547
806 833
348 405
348 489
0 189
222 313
703 809
136 213
825 856
799 814
366 515
414 615
444 460
577 681
63 271
142 303
348 504
56 109
0 286
483 500
0 120
719 764
772 781
366 497
101 180
170 188
412 645
395 512
348 529
780 830
19 227
741 770
376 431
431 482
23 83
545 570
686 746
444 520
360 520
167 310
355 382
780 828
416 432
422 579
366 548
827 828
519 547
408 525
694 754
829 853
115 192
0 321
57 108
367 553
623 684
737 745
13 236
395 419
432 559
438 523
414 637
731 828
352 484
462 493
686 766
434 559
373 483
22 277
0 4
724 820
475 502
161 304
412 676
242 330
463 555
21 342
373 498
414 647
917 992
424 551
348 563
185 285
746 816
0 139
391 492
257 344
689 732
24 187
495 514
423 634
866 894
58 269
627 670
728 809
615 643
355 452
414 506
705 834
469 497
348 360
376 497
25 285
57 204
408 556
107 966
573 625
414 575
582 583
107 978
815 828
504 543
696 829
708 830
493 507
748 817
733 795
524 591
617 664
364 564
616 631
414 640
867 887
578 662
9 69
236 304
353 497
246 340
497 570
942 954
470 531
0 179
0 33
372 421
604 671
492 606
461 525
632 650
87 246
67 82
434 475
414 461
422 597
507 545
810 828
348 507
27 329
917 944
580 931
251 320
754 835
399 441
13 109
366 482
577 643
583 670
412 483
10 142
494 538
517 651
180 302
67 345
502 548
510 533
713 719
144 226
199 298
422 489
670 681
423 604
496 565
8 91
354 557
277 325
2 326
661 670
515 591
720 808
526 561
414 673
89 319
375 525
129 347
366 434
7 168
451 506
387 408
414 423
694 705
588 685
518 554
366 651
0 25
31 237
95 147
57 242
374 545
367 555
9 297
413 465
186 188
410 548
863 886
384 552
72 232
438 524
94 242
455 466
0 305
213 322
348 441
423 560
0 314
0 75
708 755
417 517
363 527
141 304
404 515
252 291
5 316
45 67
357 551
395 538
56 207
0 63
128 334
475 676
242 302
392 493
186 277
400 513
376 442
543 545
747 792
716 763
172 325
603 680
62 186
373 587
452 521
451 567
774 869
232 276
423 475
0 245
760 834
107 946
366 460
354 450
107 950
107 990
539 560
439 517
620 653
625 653
779 792
838 856
598 684
412 504
742 759
353 484
500 525
915 930
82 98
686 817
391 527
423 669
719 799
697 745
599 662
348 459
0 215
698 883
419 422
729 876
25 56
38 117
396 481
395 517
0 228
697 709
48 302
703 880
760 820
547 555
611 636
126 322
25 288
218 328
724 760
211 271
404 456
113 252
361 500
739 780
398 412
421 570
169 239
0 223
896 988
726 824
374 524
492 566
619 636
186 236
452 475
686 735
107 935
158 315
9 133
0 26
694 722
797 828
686 797
350 369
724 738
419 505
254 346
45 345
404 444
397 509
803 832
828 853
432 570
446 492
373 525
350 531
474 531
70 230
693 705
580 591
573 603
119 128
830 844
752 784
512 545
250 252
686 808
460 479
40 332
538 948
773 853
408 511
618 666
448 460
703 823
360 495
0 56
186 213
140 144
156 235
423 591
793 809
376 542
496 523
348 383
465 484
686 842
483 563
378 566
374 418
559 614
418 463
131 227
353 409
376 587
462 517
513 525
553 645
9 142
488 524
419 526
863 878
397 458
438 614
694 706
0 288
370 666
387 567
475 557
711 722
705 827
609 617
755 814
713 748
348 447
360 523
239 303
686 753
738 752
438 669
169 271
708 869
452 507
603 609
373 545
506 553
422 663
698 878
413 535
747 765
753 890
0 23
113 200
926 997
754 779
331 332
363 514
402 515
697 719
577 599
412 442
376 412
728 780
650 681
142 280
544 683
0 253
391 417
376 676
291 339
518 551
26 203
355 418
357 369
211 342
412 525
28 140
0 277
792 830
395 425
203 341
196 254
348 428
423 436
745 834
353 544
67 113
348 493
412 484
418 510
199 222
417 556
695 726
423 537
517 559
85 322
378 475
635 640
867 872
199 291
483 639
375 431
483 507
348 572
147 319
398 445
591 637
589 622
507 510
653 678
412 482
119 199
91 264
404 506
703 781
375 526
654 684
579 622
705 800
800 845
376 610
484 506
103 172
359 367
0 254
881 895
370 374
719 722
422 653
348 471
196 266
630 663
745 820
414 591
508 542
425 570
497 513
954 971
686 748
107 944
654 678
705 805
369 518
745 828
412 520
686 693
392 500
698 804
248 265
601 644
439 444
348 379
805 853
77 231
420 513
553 609
475 548
397 513
428 430
398 538
688 701
712 742
0 274
636 678
492 591
417 553
845 849
741 820
23 240
589 677
136 308
26 188
706 719
484 517
578 665
425 520
720 781
434 478
697 708
9 122
573 579
369 424
695 815
794 842
2 116
378 563
21 322
713 780
355 397
706 834
392 525
14 343
56 323
396 450
483 604
366 513
168 339
159 272
107 954
500 513
720 803
348 451
847 853
687 797
723 745
26 334
14 310
605 619
807 838
396 557
677 684
199 288
780 835
25 170
515 566
766 771
432 545
605 609
353 540
980 993
495 544
348 539
688 713
745 829
107 930
573 609
592 664
707 712
362 495
0 233
72 272
800 827
865 868
398 456
420 451
493 566
376 519
471 507
704 799
513 567
180 194
567 610
0 172
600 628
415 563
354 359
440 493
303 315
82 118
898 919
111 279
66 304
706 853
829 842
128 211
408 536
261 345
388 500
25 185
366 428
123 261
398 484
376 514
461 544
916 983
428 549
525 567
428 444
423 524
376 491
436 566
768 822
407 563
738 829
376 426
713 823
718 745
612 654
823 834
353 404
21 203
213 224
544 570
727 770
107 916
0 47
732 806
814 834
874 885
392 394
544 561
698 892
812 837
710 711
370 419
25 237
438 452
17 137
579 617
932 995
694 737
0 127
376 423
456 465
26 176
348 438
823 828
66 122
810 823
0 298
882 889
687 764
212 344
80 101
107 922
248 291
574 631
373 461
724 848
428 506
166 173
107 932
698 856
408 559
408 473
407 458
431 559
709 824
348 410
7 322
583 675
0 340
139 251
362 445
686 794
366 412
644 664
745 805
731 827
53 322
463 483
21 104
436 580
823 827
428 570
414 633
252 324
121 169
395 669
378 483
0 171
245 259
566 968
433 528
627 632
48 271
376 651
362 371
727 752
916 972
716 718
708 856
402 517
451 544
866 879
693 834
22 347
348 538
373 497
596 639
199 324
171 217
412 513
509 551
695 754
455 546
414 666
591 646
0 136
605 617
391 556
761 848
395 601
686 691
694 710
496 580
127 184
360 524
773 827
579 644
142 285
62 141
391 544
537 566
363 515
440 508
952 967
366 580
573 605
553 555
128 223
246 304
370 471
0 174
719 815
696 739
653 672
199 232
111 137
5 204
404 494
348 522
770 783
412 669
461 524
520 545
419 430
495 507
431 479
598 618
354 458
180 254
368 412
513 604
579 654
353 419
537 569
819 840
213 291
686 850
36 135
460 492
0 57
579 630
486 554
395 513
444 513
29 172
126 260
348 481
707 736
760 830
67 272
824 829
252 285
374 510
696 697
133 276
82 148
355 510
141 172
980 995
354 361
627 647
213 345
432 546
823 830
747 807
373 523
762 799
506 557
348 515
115 116
576 640
116 144
392 404
353 394
395 414
777 780
946 968
107 637
101 330
792 819
72 200
592 617
745 813
107 907
780 823
645 683
428 463
376 525
155 157
0 284
214 326
540 560
425 563
395 637
359 470
349 434
719 752
55 123
688 823
408 538
400 591
16 329
417 483
376 410
718 834
432 553
391 428
186 223
374 497
46 175
493 537
107 428
724 829
370 555
688 734
172 199
39 141
382 470
434 580
932 997
246 308
0 197
709 819
713 853
434 492
739 819
128 248
