1000
726 731
107 940
703 709
429 531
373 378
444 531
452 465
0 297
403 475
703 765
636 644
432 561
107 984
747 819
122 123
400 559
68 99
503 560
747 880
425 570
407 433
415 545
72 141
200 334
107 366
354 500
0 142
724 824
49 255
414 594
381 554
374 556
579 684
615 661
3 323
430 497
631 678
21 142
412 507
141 271
432 444
714 767
57 249
45 221
355 359
504 506
444 556
426 455
514 561
628 647
475 545
122 169
807 843
780 838
252 342
357 509
434 497
123 186
25 277
420 556
348 413
431 525
363 475
514 566
25 239
368 494
82 231
456 484
479 542
688 770
239 325
492 524
461 471
412 559
93 111
415 465
500 527
577 640
14 310
719 720
407 563
373 390
694 827
56 136
392 460
394 544
627 635
169 239
507 566
360 365
713 817
53 196
559 561
766 784
203 308
98 325
119 323
25 323
561 566
606 917
483 896
101 346
16 329
186 239
773 836
416 563
348 535
595 681
359 422
469 554
403 458
107 931
355 463
824 842
271 342
102 227
113 134
366 368
828 853
754 779
713 748
599 643
423 560
359 530
734 778
647 658
394 408
428 567
348 366
48 203
697 835
348 455
13 332
635 670
0 161
764 823
376 450
376 553
127 135
56 231
603 623
348 489
504 529
24 242
376 525
395 517
755 827
360 373
67 203
26 158
747 804
376 452
56 161
366 651
0 187
232 271
428 526
92 101
713 827
820 849
415 535
348 371
0 73
497 566
203 239
713 742
723 830
566 593
519 547
475 531
752 834
409 494
725 771
773 780
781 787
414 628
509 551
767 822
696 697
378 417
605 619
41 337
408 537
619 685
363 493
56 75
388 500
760 805
119 200
59 250
113 291
752 810
417 511
104 200
373 498
439 513
355 396
486 516
118 265
376 420
414 635
178 303
398 493
146 285
451 561
428 609
438 460
26 118
348 528
376 634
87 136
25 72
0 74
376 538
578 659
780 840
395 553
29 40
348 516
107 932
0 223
67 308
515 519
115 149
726 778
686 724
616 625
579 617
725 732
754 805
486 551
816 850
603 605
518 554
690 784
67 142
107 905
17 214
492 676
21 248
417 460
101 299
414 592
376 444
0 338
122 161
632 659
492 517
360 558
9 188
515 557
389 518
888 889
403 553
370 515
733 839
136 315
397 531
465 475
310 337
705 724
515 525
91 245
275 306
374 570
781 849
67 332
387 559
367 391
421 487
40 280
249 254
376 546
597 636
538 545
368 527
436 465
828 846
82 203
438 506
378 542
718 747
156 188
600 628
261 314
407 510
186 325
361 500
490 502
598 654
946 960
799 845
20 226
94 249
483 948
596 917
98 223
111 312
475 491
107 909
640 681
805 824
716 741
606 963
96 133
99 227
48 130
694 774
519 531
395 428
353 544
497 523
224 271
636 653
412 430
75 200
172 313
352 394
710 803
55 122
865 868
708 781
361 470
397 523
99 278
397 513
44 343
687 759
115 214
399 564
566 651
694 706
694 820
0 282
381 509
544 669
180 204
67 322
107 971
366 374
805 840
25 104
188 297
545 570
408 428
924 940
376 456
428 676
229 334
696 845
553 634
688 805
137 167
586 645
107 899
0 309
419 488
75 274
285 332
829 842
444 559
916 982
47 301
374 504
579 590
21 109
754 840
0 204
398 409
212 239
248 332
404 444
708 869
733 829
40 199
686 776
436 438
357 459
0 166
17 137
374 510
211 342
122 315
249 304
378 487
764 824
82 170
13 188
0 288
611 680
686 727
109 203
113 142
774 840
0 127
29 247
348 430
107 563
378 465
430 514
348 390
0 293
107 914
348 405
0 53
88 242
712 767
370 392
366 496
67 109
422 614
21 67
395 431
98 252
686 733
504 510
456 513
133 188
0 331
373 400
436 517
359 376
361 519
686 789
366 930
0 76
713 777
0 45
366 408
214 230
643 675
375 409
75 170
122 136
376 497
487 559
365 408
350 552
414 436
89 95
394 676
739 774
432 553
374 514
714 806
686 848
408 524
740 770
971 984
109 229
713 831
729 886
154 219
161 339
754 828
436 563
815 856
0 191
313 315
705 808
577 675
370 378
756 805
739 805
130 329
500 553
590 680
123 200
376 414
408 493
363 455
720 790
56 334
658 670
0 332
394 475
0 140
511 525
355 474
448 460
415 428
382 470
584 596
897 922
630 678
695 745
765 856
711 766
172 252
455 561
418 523
389 554
98 332
780 835
537 566
856 863
355 481
118 252
438 488
489 557
881 895
391 412
370 412
902 975
635 650
575 685
81 269
688 723
204 249
361 474
26 323
409 460
423 561
707 712
438 495
348 504
470 547
706 853
132 317
422 609
438 676
414 422
113 172
252 313
504 539
0 303
442 523
19 319
368 517
212 232
1 133
107 959
574 663
576 600
484 559
402 425
510 533
484 537
355 543
400 415
456 479
513 561
503 553
9 285
525 566
398 484
777 824
627 632
259 264
394 601
252 297
374 463
781 814
705 824
107 483
553 555
747 807
120 247
0 89
1 236
271 325
392 500
573 666
780 819
414 634
0 130
408 500
579 639
376 492
369 419
456 559
0 171
517 559
452 555
348 565
605 617
390 475
434 591
773 853
686 794
412 455
741 800
408 483
712 742
824 830
578 582
745 773
718 828
436 488
573 685
439 456
308 323
705 763
576 675
258 323
574 678
932 953
118 342
436 496
203 313
721 848
212 344
687 838
789 839
221 303
973 990
438 461
92 254
451 544
788 806
370 414
122 200
466 522
22 347
394 479
122 276
425 439
414 640
21 26
0 252
739 764
25 272
303 322
688 834
414 578
819 856
376 556
404 512
353 391
107 918
698 886
717 855
863 886
724 742
428 512
354 547
754 824
365 556
496 506
0 167
204 213
422 601
694 752
96 224
395 560
861 878
697 748
471 537
483 933
57 320
107 968
493 559
8 91
819 880
747 848
84 224
959 960
67 277
446 490
517 537
169 252
481 539
32 337
475 547
392 527
84 276
630 657
170 315
867 877
21 277
376 473
483 591
348 420
526 538
630 664
380 509
97 230
0 208
391 400
404 493
686 742
824 834
392 560
426 531
352 479
573 618
141 304
403 497
728 773
94 302
645 669
584 616
353 471
98 331
531 557
575 654
348 393
311 344
606 641
348 490
10 200
701 747
748 831
823 853
109 200
116 343
118 271
595 661
733 786
556 559
735 819
431 669
430 432
16 172
697 726
963 992
353 976
353 560
644 654
416 494
686 849
412 569
378 676
712 822
367 491
170 304
360 387
123 239
414 559
726 853
440 484
285 303
363 524
493 517
428 525
423 556
878 888
480 543
388 404
686 795
460 544
697 766
373 517
261 342
440 538
522 568
396 474
348 537
107 980
459 551
402 463
376 527
497 538
0 250
56 200
494 536
203 297
575 664
515 553
67 280
184 272
272 329
28 144
0 194
688 724
695 760
621 622
934 980
515 580
353 526
373 446
693 695
59 98
23 175
497 570
474 481
353 376
9 295
148 272
544 557
56 119
720 832
520 570
348 547
823 840
814 829
106 329
356 472
561 604
719 829
148 176
184 329
172 331
272 280
771 806
503 513
819 823
169 318
484 526
353 366
867 873
376 610
252 277
693 713
373 669
21 186
727 828
173 464
0 342
26 161
224 304
414 597
45 67
0 271
48 332
402 497
438 521
709 824
555 557
414 561
87 213
442 563
36 184
729 753
719 827
882 886
770 803
436 651
119 332
719 756
368 378
7 22
402 475
254 266
102 263
363 432
719 755
348 383
694 829
422 474
754 830
82 331
461 506
17 310
787 793
727 805
731 805
367 547
688 821
226 312
419 422
460 514
56 104
21 197
21 184
312 343
109 331
391 580
830 847
149 226
392 566
686 844
357 419
196 254
122 232
708 824
487 493
348 566
793 809
577 599
223 342
751 828
686 775
107 992
740 817
451 493
719 810
109 303
40 272
864 893
423 517
85 156
0 292
66 252
187 299
323 332
387 514
169 185
104 142
171 904
412 423
376 646
494 559
109 324
80 187
501 564
715 745
412 549
348 382
525 527
598 636
373 566
428 651
98 258
173 427
212 295
4 218
686 749
810 827
417 438
500 537
0 87
97 182
483 520
127 309
475 519
373 634
409 526
741 747
28 151
107 637
387 400
56 297
719 834
616 621
600 632
348 352
62 341
451 513
508 520
9 113
764 828
439 525
575 617
703 838
559 580
221 285
412 432
686 814
348 449
513 634
995 997
524 591
703 728
460 482
172 271
239 295
428 915
698 774
261 265
719 733
500 524
437 499
629 630
107 983
718 817
389 424
952 993
609 653
766 823
348 494
367 553
415 463
373 502
366 553
772 827
113 132
694 773
67 323
637 936
14 214
416 497
239 338
0 237
369 380
828 845
739 792
360 570
517 524
57 184
388 421
107 919
747 828
414 650
422 497
140 144
56 298
0 296
113 271
771 839
246 304
430 471
363 368
0 302
348 569
482 525
0 156
559 567
598 630
187 346
34 414
348 395
85 322
438 475
0 306
89 327
707 746
455 504
1 280
144 151
643 670
184 309
367 525
373 523
414 589
417 527
465 558
258 295
107 912
515 559
729 889
507 556
9 134
38 248
824 843
414 558
513 646
185 297
404 408
196 330
367 546
592 603
25 40
370 373
698 800
600 681
84 313
784 829
444 503
597 618
45 200
39 165
0 141
373 641
762 781
395 525
728 747
467 572
0 212
26 325
39 280
276 322
67 169
408 465
514 537
728 783
363 417
701 842
494 537
352 503
417 513
173 549
600 635
444 544
224 324
107 900
172 231
376 524
396 403
815 830
705 764
497 507
188 223
62 199
4 152
187 254
728 805
694 711
408 545
618 682
92 266
438 465
51 84
977 986
688 823
9 56
21 188
0 46
348 552
589 622
483 917
251 284
348 402
171 189
573 672
409 500
378 524
408 513
92 180
701 834
756 827
101 180
745 774
185 280
700 745
449 507
728 787
373 546
354 359
718 787
507 570
168 277
374 559
39 313
438 563
397 485
188 304
250 252
370 416
395 620
142 308
810 828
26 122
583 665
489 535
128 223
398 511
625 654
25 288
370 483
804 889
445 542
368 500
484 953
719 752
146 317
455 569
107 987
151 312
460 563
370 428
199 212
698 804
823 827
378 563
67 79
403 510
556 563
372 410
376 461
56 271
576 681
414 617
35 143
207 322
407 458
120 277
686 838
212 304
455 529
366 637
142 161
784 854
755 787
107 475
75 258
376 419
514 527
0 186
391 503
142 280
500 556
463 524
432 559
442 475
516 554
807 819
348 475
579 677
517 976
686 729
508 534
62 141
392 515
705 830
461 527
697 819
50 148
870 881
456 503
781 842
475 506
350 528
615 632
186 322
553 591
713 766
366 428
727 800
374 391
415 563
25 203
526 561
422 620
374 507
26 69
348 421
695 700
686 773
159 172
483 492
59 211
376 506
370 666
392 436
417 506
438 559
171 217
354 463
686 805
703 845
583 647
434 566
40 224
107 928
729 856
122 322
514 559
400 512
119 339
63 313
252 332
524 553
524 614
460 524
0 262
830 846
828 840
686 731
348 376
686 750
375 493
677 682
709 843
574 616
915 962
0 31
732 818
773 820
400 408
369 561
0 174
484 525
170 211
5 180
53 101
497 546
797 828
737 830
404 511
438 606
21 223
376 465
622 623
828 837
398 545
107 988
374 496
355 410
348 373
0 294
696 823
576 659
515 527
544 683
119 269
376 475
222 313
30 200
444 488
420 567
261 297
62 223
960 972
773 781
53 88
175 278
100 119
455 522
376 490
446 491
703 748
577 661
281 284
224 315
404 536
348 517
465 507
431 493
19 227
444 500
521 544
280 304
368 479
531 547
56 239
419 567
412 537
363 538
708 724
515 641
792 828
159 277
304 324
348 529
375 494
200 325
348 519
606 645
194 196
475 559
414 607
119 313
368 404
715 781
363 373
104 122
921 980
460 515
705 836
408 556
719 773
708 797
591 651
719 774
107 962
810 834
538 637
526 559
597 611
705 747
25 236
77 294
375 503
583 632
402 500
573 636
461 525
544 563
965 986
315 322
376 669
360 555
746 816
874 887
686 701
728 843
745 784
67 325
370 456
25 283
370 646
475 525
466 529
430 559
402 421
67 261
26 109
510 553
483 561
772 781
784 795
122 303
686 752
580 637
78 181
726 830
483 566
573 609
686 804
579 589
388 487
170 223
805 842
708 774
26 113
203 223
932 997
348 457
430 503
408 412
972 983
252 315
25 224
819 830
462 487
363 463
277 308
713 774
506 521
819 828
382 547
122 342
567 651
703 828
439 527
431 537
0 115
122 281
199 314
297 323
697 777
831 853
428 475
497 527
410 548
441 476
21 315
25 252
366 492
381 457
57 92
396 557
718 764
60 313
26 128
68 143
703 718
397 457
686 699
131 143
374 418
414 629
13 148
579 630
495 542
360 524
376 417
484 580
398 538
213 249
359 405
867 874
686 765
475 507
21 322
363 374
391 446
579 598
412 492
208 285
178 329
449 480
109 148
350 563
601 637
118 324
450 519
204 254
688 815
823 824
428 451
354 489
352 536
107 926
9 141
430 465
360 461
21 161
420 451
508 563
724 828
640 675
745 842
814 842
374 461
25 56
374 497
108 184
695 847
373 374
362 413
686 689
452 559
713 830
525 559
852 855
395 460
0 253
402 514
422 561
528 543
503 526
76 270
419 513
351 454
26 185
26 298
619 653
46 278
771 818
431 434
300 320
376 446
366 503
26 265
686 808
68 227
488 524
580 936
7 322
122 235
612 654
53 242
408 503
363 976
197 281
466 481
506 513
107 896
149 312
729 876
513 651
897 953
397 541
115 140
186 222
609 654
504 555
787 836
373 590
414 619
705 829
372 455
214 289
84 237
643 650
513 537
140 214
867 872
0 329
388 463
348 385
359 455
25 105
483 930
331 332
500 566
0 206
130 191
348 387
376 507
504 507
686 832
273 275
616 618
752 784
188 323
760 828
40 203
363 527
370 436
0 85
438 524
98 122
696 830
422 555
159 284
724 754
178 322
592 621
618 633
720 755
686 817
815 823
698 819
65 261
376 388
824 853
810 856
483 503
56 103
378 414
315 345
772 828
768 816
170 322
414 611
804 863
643 661
348 567
475 651
665 670
403 470
422 631
773 824
119 318
72 272
16 331
492 560
800 853
500 542
697 765
103 136
53 322
414 605
927 980
720 809
355 452
792 830
523 570
166 198
143 227
747 753
214 326
354 474
48 180
415 558
753 890
0 181
612 636
430 563
755 845
412 683
755 783
752 800
0 321
141 257
475 483
445 556
425 553
538 948
9 334
700 794
713 829
370 645
93 167
107 991
20 115
780 815
0 154
903 992
627 681
747 763
239 313
105 257
514 517
408 461
404 496
705 835
107 910
0 99
424 486
717 852
553 559
481 555
397 504
461 517
697 772
452 557
40 158
59 268
373 434
1 119
82 211
460 543
762 805
417 524
597 630
366 431
456 517
353 537
687 728
360 510
16 82
719 830
360 506
398 512
370 388
425 523
409 503
169 277
396 489
738 795
428 683
747 810
392 475
391 417
635 662
896 957
764 809
56 303
303 345
428 606
731 784
900 908
392 431
277 311
79 272
457 477
422 619
372 568
348 532
111 326
134 238
698 798
400 438
107 960
391 475
388 566
404 419
418 475
3 170
705 784
747 805
698 859
444 460
675 681
449 543
590 617
414 587
713 726
556 673
31 304
678 685
483 942
373 471
25 280
457 505
574 596
736 782
0 151
445 465
162 343
603 654
172 232
444 473
192 205
402 460
708 713
592 677
188 224
0 65
450 489
968 999
372 547
88 106
591 604
783 793
363 492
484 513
395 567
496 580
357 369
400 482
797 849
161 325
348 392
395 417
698 892
391 423
404 409
246 315
378 591
633 653
838 840
417 542
413 415
387 417
87 161
601 630
67 161
92 249
365 520
728 824
757 775
819 834
713 794
596 618
291 329
719 819
412 609
13 118
800 834
760 827
686 783
271 323
26 304
238 252
348 473
747 783
561 606
694 848
354 376
363 559
0 72
355 515
431 482
705 731
781 824
465 503
0 210
727 830
0 33
623 654
524 561
261 268
361 396
59 82
654 677
388 465
787 809
690 731
472 533
414 667
208 291
423 538
353 492
0 110
462 525
353 637
420 569
107 908
196 249
378 514
768 839
763 804
373 528
408 560
412 460
414 656
580 656
0 153
713 847
647 650
41 137
91 193
414 684
109 314
363 409
0 117
414 673
419 516
916 999
139 281
588 618
719 828
425 427
394 400
686 745
723 734
9 119
0 300
186 303
727 853
25 257
739 828
82 118
731 773
387 567
348 409
187 249
438 444
370 523
559 606
0 246
170 260
712 782
686 792
396 422
520 544
633 680
107 428
723 826
462 493
415 556
856 878
98 276
492 559
812 815
428 542
96 190
438 513
431 651
400 417
387 503
142 271
781 800
423 553
446 475
376 520
689 714
198 501
461 524
741 836
394 538
538 542
670 675
99 263
180 266
422 545
41 243
492 566
493 537
0 82
577 583
423 431
420 484
898 942
375 456
359 489
583 643
419 492
461 567
434 580
637 957
414 602
3 283
57 80
122 271
107 996
686 719
78 195
122 224
395 483
369 563
348 513
615 628
162 312
236 276
697 721
497 524
64 171
128 172
417 514
131 225
45 122
119 208
751 842
504 547
199 304
430 493
348 403
348 478
200 304
728 754
599 670
59 118
170 332
857 868
370 458
686 692
742 829
914 915
644 680
524 544
0 180
363 419
4 181
40 334
711 722
169 332
142 186
772 845
56 222
417 544
363 517
514 570
195 306
686 763
186 341
370 452
506 537
133 141
280 290
595 627
239 280
348 546
3 142
9 72
59 186
867 885
799 835
348 384
17 144
465 580
370 471
140 312
754 780
483 563
0 42
378 436
181 195
777 779
0 10
1 299
705 803
400 553
194 242
397 421
370 567
116 144
738 826
188 285
381 486
414 610
518 563
616 663
407 533
625 684
306 328
523 544
137 312
481 547
792 803
653 680
28 149
80 330
511 545
497 561
40 332
107 601
172 203
461 513
127 281
728 779
400 544
107 929
403 452
48 320
713 787
820 848
414 556
355 367
686 725
457 486
438 514
695 824
4 78
1 126
418 463
639 682
107 420
431 512
573 619
7 246
695 781
0 196
737 824
803 840
827 853
484 651
366 559
823 880
19 293
86 225
265 331
423 645
438 520
67 345
490 523
745 762
738 794
686 730
578 658
4 306
185 271
576 643
0 278
547 557
492 641
272 291
369 477
142 277
752 805
75 85
485 518
135 197
348 418
760 830
70 230
494 497
111 337
863 889
13 325
387 465
128 199
870 879
573 625
738 813
431 438
378 651
204 302
374 482
373 491
461 548
686 820
374 614
696 727
626 654
203 272
72 165
434 436
391 394
716 718
0 230
388 523
122 325
823 834
724 795
244 282
773 815
693 844
131 177
741 827
402 563
592 616
277 332
149 162
754 821
98 211
603 625
98 265
423 558
199 252
504 522
385 461
761 800
622 625
111 279
119 280
423 669
698 885
803 837
493 560
156 258
815 824
497 542
732 771
395 523
41 151
456 545
0 66
100 163
391 465
500 591
703 820
13 313
689 771
563 567
645 651
444 495
399 501
404 456
686 807
53 332
452 489
784 827
796 818
196 285
25 200
414 639
348 461
40 315
829 853
80 249
238 261
199 203
400 669
370 415
21 88
427 563
518 551
574 579
67 185
430 456
273 306
26 200
21 169
395 536
611 618
420 430
352 493
423 492
698 811
21 334
595 659
884 893
417 570
156 272
303 315
455 466
614 637
915 948
600 658
763 797
172 268
392 456
203 285
366 434
525 563
367 452
288 315
723 849
370 423
578 662
359 474
271 313
489 519
313 339
40 298
524 606
239 272
589 625
355 519
23 144
40 200
472 567
578 595
770 820
789 833
424 505
373 520
3 72
461 465
40 141
797 809
728 817
739 823
410 555
424 554
122 176
628 681
804 886
763 849
465 683
439 475
352 398
866 879
0 148
13 304
686 715
107 922
101 242
460 547
408 431
511 561
24 57
686 691
400 409
599 665
515 566
137 289
109 158
696 747
397 422
62 276
726 820
583 670
402 436
417 500
524 565
431 503
422 489
724 829
496 507
661 675
139 184
422 596
366 936
485 563
736 816
598 609
390 450
48 80
107 651
308 322
348 508
430 526
634 645
738 781
876 882
9 176
396 555
686 712
90 179
747 831
728 823
66 113
708 747
703 739
414 648
26 98
25 232
558 570
460 523
31 51
107 955
871 879
239 271
488 556
513 641
563 594
686 825
495 520
119 252
657 682
412 500
213 340
370 514
109 325
107 979
68 225
975 988
412 593
414 563
561 669
856 882
456 561
3 26
432 452
719 726
736 818
526 968
156 295
506 508
766 815
706 834
545 563
39 161
695 754
105 280
770 783
382 555
203 304
796 829
178 345
396 519
397 543
591 634
0 48
371 542
420 596
266 330
716 797
747 770
56 72
665 675
395 545
87 339
426 471
348 531
91 110
561 565
414 544
459 486
374 500
184 284
450 497
353 388
133 236
430 541
291 315
0 273
0 308
938 992
661 662
520 567
513 601
370 563
497 506
395 515
378 497
725 806
507 557
368 431
724 781
483 535
266 346
828 856
348 355
617 666
360 463
395 479
686 700
119 185
493 500
695 718
737 745
124 157
647 662
475 606
389 505
397 570
395 544
5 315
458 490
168 339
686 781
611 625
2 20
7 347
444 517
392 404
506 604
100 323
251 281
538 580
553 570
0 325
488 553
615 675
56 291
695 778
374 535
780 805
161 308
0 289
697 805
366 400
428 553
711 847
430 469
100 217
412 604
925 967
517 561
72 298
822 839
705 748
728 730
419 551
271 318
391 567
24 302
67 186
322 323
368 416
233 256
391 500
56 232
274 341
416 432
395 451
0 54
360 507
428 561
14 41
861 888
9 252
399 476
198 564
188 291
400 445
199 322
384 552
187 194
701 845
350 419
0 261
101 254
815 845
720 808
612 680
856 888
200 332
357 516
432 546
388 567
0 95
412 591
711 828
354 458
82 222
397 506
0 343
428 456
25 331
129 168
694 781
0 234
423 587
348 452
9 26
611 653
719 768
101 194
118 331
9 315
392 465
640 670
415 421
724 823
0 264
348 434
686 803
874 885
63 271
592 636
781 805
455 539
392 537
0 178
415 495
0 201
599 635
67 170
355 489
431 462
455 510
348 468
367 489
175 177
349 534
597 677
650 665
361 463
428 506
522 539
410 500
248 265
378 637
605 630
483 494
400 580
582 583
414 595
917 984
393 501
611 636
504 514
437 467
263 296
526 906
697 830
0 111
370 419
703 792
14 151
0 30
579 619
544 566
169 291
654 666
576 640
108 197
773 829
136 213
719 853
98 291
484 514
583 635
697 780
161 314
553 683
107 629
0 346
736 788
693 705
592 609
479 512
239 344
556 683
713 810
261 345
348 465
0 330
482 497
484 515
31 338
258 291
583 661
25 221
363 515
688 856
348 474
378 513
766 828
695 726
779 792
519 557
389 551
828 838
352 484
744 848
722 737
0 284
694 705
299 302
514 569
437 463
378 394
784 842
122 297
376 548
615 659
376 604
500 557
0 207
805 817
620 644
374 483
514 525
927 993
41 44
118 268
556 676
444 545
805 853
698 805
437 453
387 395
158 322
412 428
595 670
360 402
55 200
8 245
19 175
45 104
362 412
828 844
705 819
483 651
29 118
500 637
582 661
374 526
366 438
277 280
107 948
583 599
213 332
606 936
104 203
416 465
285 304
686 796
55 186
686 782
25 185
792 838
589 623
21 121
180 187
363 553
798 852
922 946
417 444
62 122
694 760
517 545
96 274
686 695
348 486
13 59
514 520
23 267
500 538
876 886
203 342
67 113
507 561
779 824
686 734
104 123
254 346
200 323
352 525
455 557
362 463
348 394
719 799
917 942
223 239
66 308
211 239
786 829
828 849
0 29
495 544
361 547
465 526
524 683
80 204
132 303
2 326
697 844
45 322
378 641
0 249
630 641
739 807
64 150
150 189
431 559
400 513
966 982
614 683
36 127
268 325
13 238
376 514
414 515
366 526
107 941
745 810
175 263
122 128
0 277
107 898
115 144
25 291
508 542
170 252
277 315
364 399
655 657
753 889
573 680
465 567
372 421
109 122
432 507
709 835
697 705
432 563
376 652
506 544
376 645
730 787
436 580
686 850
770 777
167 243
67 123
643 665
363 497
770 849
728 739
497 537
0 144
507 513
423 604
9 186
103 323
951 973
391 490
245 259
686 688
446 539
257 304
628 665
382 410
0 287
414 654
713 719
360 432
635 659
464 552
483 580
804 861
26 142
474 475
389 469
695 815
946 968
359 557
417 561
53 204
416 430
498 532
107 596
553 556
355 373
367 481
355 531
200 232
599 658
25 113
348 563
440 496
714 725
423 503
805 844
633 666
13 252
643 662
628 643
439 506
113 261
111 343
26 203
424 551
148 185
579 612
438 604
315 339
724 786
349 508
686 735
694 737
595 643
719 731
414 586
277 334
774 811
412 504
713 772
747 754
45 142
592 633
698 753
113 158
75 323
588 644
0 313
799 813
119 148
431 511
696 724
687 856
461 561
21 108
782 813
686 797
484 968
582 632
705 745
185 290
778 834
714 732
348 378
373 483
246 339
62 261
897 991
439 553
698 887
370 469
101 317
372 531
793 797
175 321
603 684
142 332
135 309
414 680
400 421
630 682
556 614
729 861
350 384
544 561
251 309
952 967
200 322
14 226
360 362
197 320
713 833
450 539
391 525
10 67
686 741
60 322
696 840
390 539
436 513
504 553
512 536
139 320
517 566
524 559
0 192
419 456
252 272
435 518
199 342
348 422
475 515
445 520
412 481
926 946
543 563
577 650
54 313
623 677
186 272
348 530
367 555
395 461
0 328
14 144
373 565
40 317
695 853
188 272
707 816
348 446
56 142
916 983
484 936
376 555
907 948
805 818
705 828
791 796
67 224
0 314
68 296
407 543
181 273
404 503
425 563
0 59
107 902
747 823
63 261
471 559
67 272
167 337
369 509
626 677
705 720
203 315
116 326
148 339
119 329
747 800
473 515
186 252
591 641
376 489
759 766
686 716
708 814
686 802
416 557
13 239
828 834
419 537
745 823
422 553
483 601
56 223
828 842
412 567
388 492
623 684
107 903
719 824
745 845
859 885
497 513
23 51
561 651
489 531
734 829
694 853
348 496
348 442
510 521
196 204
376 559
0 183
460 495
200 274
483 515
732 822
352 542
810 823
409 517
695 706
370 506
461 507
388 438
484 506
722 829
512 561
348 425
734 785
25 122
408 456
705 787
414 632
395 436
500 507
688 747
400 537
768 789
811 890
512 556
463 531
516 563
645 683
688 845
511 556
577 595
412 547
745 824
780 828
104 252
353 487
375 408
143 225
122 239
67 290
48 88
428 641
98 123
525 526
417 553
165 169
902 957
458 475
374 517
766 780
355 412
461 559
705 758
141 280
612 664
107 995
107 973
618 680
579 680
142 200
159 320
2 149
414 644
927 946
186 331
3 274
122 141
871 895
449 504
360 544
428 563
374 525
431 479
644 666
432 527
422 579
213 277
372 460
597 603
769 869
25 141
55 261
632 670
113 199
694 722
224 332
392 506
457 469
236 252
783 817
56 212
56 170
412 431
41 93
360 395
353 408
698 875
513 645
695 711
80 88
632 635
10 285
249 346
618 630
412 418
21 123
409 542
916 993
7 291
705 807
353 483
513 610
713 782
186 236
203 341
5 204
271 298
452 463
414 576
98 128
512 513
67 252
946 991
542 559
350 543
158 232
107 967
369 455
419 518
65 297
479 503
41 226
82 314
739 819
547 548
705 719
695 784
694 828
65 203
277 304
579 653
619 623
48 119
658 665
933 971
620 653
747 780
392 561
127 139
412 645
578 635
400 601
0 177
718 815
404 462
590 644
805 834
355 382
771 789
53 299
578 640
67 122
967 993
109 304
387 507
404 487
465 535
48 271
805 838
402 520
933 941
584 637
119 342
139 159
10 291
698 803
224 276
701 780
0 2
373 436
927 967
132 242
414 606
932 995
688 694
113 119
0 256
686 767
620 678
745 758
115 343
845 849
654 678
580 591
236 271
445 463
592 620
726 844
127 284
694 830
823 828
462 538
941 945
705 800
507 526
504 544
733 782
354 450
48 299
363 500
524 566
826 830
941 969
688 830
520 542
417 483
21 252
694 745
373 606
519 548
92 187
446 483
577 578
0 50
137 310
661 670
21 212
432 541
128 334
80 299
123 334
0 22
870 894
605 678
475 514
579 644
686 811
392 394
708 719
98 315
747 748
66 134
544 676
417 431
0 265
353 460
457 551
115 326
781 793
348 440
633 644
740 831
861 889
214 343
432 504
397 426
438 651
395 614
20 149
525 542
694 766
162 326
493 512
21 274
368 419
580 606
942 954
589 609
170 323
573 677
917 992
353 651
703 719
103 200
718 827
693 726
21 284
134 277
85 272
480 593
742 759
739 787
566 968
701 726
820 824
355 547
0 35
708 769
314 342
119 203
712 816
455 497
778 828
150 329
32 167
7 31
728 807
109 297
481 531
819 838
591 669
727 784
697 834
431 513
409 512
901 903
363 385
397 449
98 172
370 559
402 513
474 500
494 561
404 428
925 999
23 99
709 754
723 745
368 553
109 332
434 523
954 969
389 397
540 560
836 853
686 761
107 933
0 266
13 211
480 540
734 846
387 408
726 784
436 561
25 51
445 560
223 313
780 792
506 523
75 272
363 591
412 524
161 252
107 963
67 213
774 784
483 984
0 116
291 339
805 831
496 497
800 814
483 487
412 566
584 660
697 890
14 28
107 901
373 387
188 290
348 554
728 764
369 457
376 651
313 314
412 533
0 239
363 388
820 834
212 252
559 591
297 322
457 459
507 525
21 40
0 268
414 672
455 565
762 810
925 927
484 538
67 285
56 82
698 873
579 664
946 993
439 523
524 567
428 482
107 580
819 835
419 428
374 488
900 919
431 545
698 867
712 736
395 511
40 232
355 402
658 659
354 519
702 714
31 168
697 828
730 797
353 567
136 322
78 275
650 658
596 655
348 426
941 954
0 84
691 771
487 503
24 194
442 531
705 778
363 366
578 627
380 554
578 661
348 414
422 460
776 877
618 631
573 592
361 557
806 833
325 342
805 847
368 374
450 531
107 994
21 39
100 189
414 506
567 645
188 341
579 588
475 676
13 236
382 500
414 655
823 835
0 285
745 794
644 664
438 483
592 678
567 683
373 545
277 291
116 140
528 553
747 849
80 92
9 199
690 773
285 323
753 769
488 512
513 525
395 604
588 682
254 299
705 760
362 460
257 322
752 820
561 567
633 636
13 223
169 322
830 845
414 659
745 834
567 580
397 444
605 644
430 525
214 333
200 223
919 942
520 524
59 172
482 548
783 797
686 770
543 545
186 188
432 569
26 79
374 451
774 856
493 538
592 622
172 332
116 149
56 315
0 272
206 260
622 663
870 871
428 430
366 460
261 313
142 252
26 315
29 252
402 544
23 237
450 474
814 834
137 337
188 277
40 142
9 21
252 280
456 524
376 511
730 803
366 412
517 905
500 547
653 672
348 435
280 291
896 988
348 564
769 890
197 251
0 8
412 417
376 676
143 177
394 515
378 566
376 412
694 772
405 478
637 678
200 236
719 734
460 560
199 315
30 213
770 824
409 462
378 412
739 797
400 428
73 88
627 659
620 636
374 567
800 842
355 376
419 452
0 78
348 472
609 612
718 781
523 524
745 790
635 643
759 828
403 547
400 436
579 636
546 547
781 834
755 758
705 831
423 484
978 993
0 322
405 568
626 657
107 997
395 408
25 188
553 560
211 325
173 649
120 136
755 814
827 830
395 574
361 376
24 101
412 414
781 810
526 553
40 56
686 711
376 396
322 339
731 853
9 69
597 609
350 546
605 653
408 473
917 965
941 942
595 635
506 559
422 654
412 442
513 604
404 525
355 553
0 175
400 484
698 729
14 312
242 330
559 676
348 488
148 229
395 538
400 542
9 297
686 746
713 784
348 447
803 880
348 470
376 500
579 597
784 794
385 423
6 319
724 778
82 123
388 537
408 417
170 277
697 848
420 439
353 513
697 713
411 498
696 828
56 59
445 473
641 962
128 211
199 265
31 129
688 697
383 387
366 446
224 236
311 325
0 143
412 483
506 563
728 838
373 492
373 525
439 500
285 315
662 675
354 470
312 326
524 525
135 281
370 461
366 376
388 507
0 105
686 784
694 727
0 190
21 31
752 781
67 303
444 445
686 772
897 995
575 589
104 212
26 223
695 844
400 567
823 856
201 259
686 831
858 871
434 496
635 661
553 561
686 845
723 770
659 661
917 964
686 755
500 520
458 470
135 320
409 536
370 417
741 835
353 936
107 348
465 601
475 502
483 559
513 669
580 930
67 104
573 605
737 828
374 430
213 246
55 123
820 828
402 553
902 981
584 679
417 537
353 542
650 681
353 430
101 330
373 460
595 640
395 512
391 484
172 325
389 497
463 507
378 484
614 676
436 673
445 495
359 452
373 651
694 696
394 512
130 346
94 242
428 463
67 118
375 479
211 268
236 322
194 254
866 881
414 620
527 538
654 684
362 373
694 719
694 756
626 664
719 849
694 726
370 555
370 376
483 513
659 662
185 274
53 302
172 211
107 965
414 483
72 252
188 342
631 639
395 537
356 411
113 186
500 519
793 836
719 814
412 493
127 251
7 38
438 452
780 834
563 569
412 488
107 947
414 681
446 515
392 483
366 483
428 544
747 769
348 364
896 994
730 764
284 309
348 436
784 813
359 403
917 954
580 976
402 515
524 542
524 637
925 980
132 315
754 815
417 560
271 285
7 315
423 651
1 88
370 374
763 803
456 462
482 556
366 514
351 564
419 505
433 528
142 297
454 564
807 856
56 186
800 823
56 199
5 235
435 551
16 261
0 7
694 695
630 684
211 238
619 678
742 746
834 847
280 297
56 213
686 828
84 265
284 329
366 497
513 544
391 553
119 271
578 583
107 943
787 823
455 506
966 978
574 584
26 285
435 459
14 116
517 936
727 752
359 470
804 876
747 803
426 544
45 132
573 617
394 511
38 339
304 308
903 963
64 189
370 520
465 511
348 469
686 813
773 823
0 44
432 475
424 469
381 469
444 520
747 830
823 843
444 507
72 212
198 476
452 544
65 82
686 798
146 339
40 307
223 325
239 265
695 738
625 644
98 280
400 500
350 527
395 404
403 489
696 824
729 882
917 969
754 773
423 506
830 849
170 200
465 473
678 679
522 546
747 765
29 82
592 619
579 611
873 885
434 563
370 402
592 684
701 830
353 540
559 604
213 272
471 524
634 651
686 779
391 527
44 312
134 304
708 800
453 468
734 853
780 824
589 636
542 606
579 625
515 545
616 623
0 112
428 601
460 507
186 200
536 561
604 645
395 413
414 438
348 549
414 598
879 881
716 763
449 563
738 829
896 989
398 412
3 228
367 416
414 601
766 853
772 814
805 807
0 152
222 240
363 669
774 807
431 497
188 271
107 998
348 542
9 170
429 481
122 277
203 268
0 128
414 423
745 827
946 967
107 957
391 566
392 514
479 536
903 917
159 345
136 304
462 512
400 461
414 674
496 565
461 653
143 321
0 242
696 805
578 647
374 553
252 338
758 849
455 553
0 245
0 80
56 277
20 111
676 683
734 784
460 475
396 450
353 497
706 745
60 285
0 6
582 650
500 614
500 563
107 946
348 511
62 239
705 713
398 561
475 523
686 855
350 426
82 121
395 398
776 874
475 580
630 655
415 542
0 5
416 493
723 766
21 122
603 680
695 830
350 561
553 620
458 496
212 271
747 792
