1000
829 842
513 610
830 847
25 88
7 339
628 643
819 824
422 460
363 487
886 889
348 415
537 559
760 834
400 683
691 822
107 969
953 978
107 563
0 215
10 169
176 271
170 200
688 853
119 148
370 456
0 155
3 283
433 455
48 57
271 331
348 469
53 317
869 890
705 827
713 774
423 461
376 545
136 315
406 532
252 277
67 104
107 580
659 661
378 426
629 637
3 72
810 827
686 709
373 561
350 519
595 681
492 676
563 569
348 548
414 677
357 419
354 397
1 119
24 266
724 805
576 627
705 810
816 833
429 504
231 332
355 373
55 122
0 94
348 388
2 116
428 484
603 684
395 536
122 274
828 840
492 651
412 483
718 814
599 632
433 533
188 258
333 343
373 423
217 324
876 888
348 472
56 103
56 62
41 243
348 366
461 513
5 169
432 444
22 339
523 534
461 567
377 383
819 830
745 805
595 615
430 483
56 72
238 313
475 651
211 313
553 560
0 193
436 507
697 828
396 403
5 87
92 302
870 895
116 326
142 239
353 408
519 555
732 822
45 221
687 817
423 645
0 25
14 20
23 175
62 276
774 810
348 500
559 669
122 276
203 334
161 339
211 285
686 759
0 47
483 544
141 271
44 312
391 493
143 278
465 557
438 559
828 845
711 745
770 781
745 813
376 491
86 278
118 342
503 513
113 200
758 817
556 559
459 518
348 554
29 172
438 452
483 930
612 678
451 471
199 298
814 834
348 566
181 275
409 536
197 272
779 838
359 474
698 882
553 555
170 342
414 605
754 830
239 261
0 167
172 238
348 489
719 768
258 291
640 659
159 320
242 299
353 524
577 661
348 535
355 547
73 126
783 817
82 222
366 460
789 806
596 639
537 561
88 236
75 304
252 338
559 567
25 148
352 538
184 320
630 636
471 515
394 601
40 329
178 272
503 526
369 419
705 755
475 641
856 889
438 465
693 697
781 836
127 251
739 819
414 627
600 658
576 578
38 322
708 811
583 635
25 285
373 465
546 557
0 279
729 882
579 620
53 346
243 310
373 506
686 830
9 142
170 239
26 325
374 544
3 85
779 807
737 830
272 281
20 162
764 805
471 559
713 829
719 823
698 828
53 204
400 445
98 172
0 144
738 805
25 31
625 684
4 195
9 30
423 497
0 69
420 465
98 304
786 829
439 465
412 566
595 675
686 821
88 186
400 525
719 722
415 465
620 644
414 578
29 82
348 390
504 507
0 140
7 38
402 524
29 211
357 509
419 492
583 665
444 520
0 154
493 517
0 211
62 224
428 492
532 572
575 617
374 496
686 777
360 506
761 827
708 781
0 171
373 376
118 277
354 507
423 587
504 555
825 864
128 176
72 271
416 567
449 480
751 795
348 506
792 828
932 953
405 478
0 143
395 404
719 784
65 118
257 258
705 747
686 703
369 424
374 507
620 672
487 492
366 538
366 548
449 543
69 304
414 587
748 758
503 538
404 561
199 313
408 560
695 745
348 537
374 475
982 983
583 599
348 551
101 204
0 62
9 170
180 346
713 734
9 56
414 576
376 646
774 828
156 258
820 834
423 456
595 600
579 611
378 591
355 531
30 48
404 482
718 827
362 445
172 268
705 720
434 478
507 570
363 497
395 683
734 770
56 332
461 590
420 537
0 295
975 981
820 848
388 475
422 584
392 537
715 814
124 170
353 537
412 517
456 494
82 170
579 626
518 551
180 302
107 954
737 837
747 815
542 559
211 223
408 409
627 643
387 412
507 523
9 277
966 978
714 822
388 404
397 518
265 325
360 365
391 394
814 827
87 161
104 212
438 604
213 246
737 805
434 475
455 522
488 497
513 520
897 922
348 405
431 440
526 993
251 309
703 817
542 580
741 823
686 807
694 820
719 762
409 460
484 606
170 260
714 789
755 758
719 829
414 684
847 853
391 400
169 252
142 203
436 563
706 815
354 481
161 258
426 471
810 815
483 487
643 658
547 555
483 984
0 327
112 174
475 557
686 704
686 760
632 658
805 824
579 597
48 73
439 456
398 488
824 847
954 969
262 312
31 83
484 527
431 479
720 803
41 93
686 837
26 304
127 284
863 888
545 566
637 678
686 749
460 563
412 523
378 484
474 500
1 299
504 544
363 483
503 556
370 561
494 503
461 475
635 659
842 853
373 606
25 239
713 851
366 475
588 654
421 444
525 544
711 784
697 727
460 492
348 526
19 319
200 304
277 290
414 596
374 510
26 109
87 291
412 524
494 536
480 543
460 473
927 980
389 518
394 515
506 525
514 520
412 431
348 509
861 888
766 780
611 636
513 566
107 975
348 367
122 232
745 845
389 486
104 239
824 826
397 557
416 465
694 812
438 683
589 596
760 766
787 823
618 684
352 484
107 428
368 536
412 455
742 759
361 568
686 751
180 196
805 829
510 528
350 504
30 224
376 488
395 408
504 521
634 646
715 738
429 522
797 809
56 128
631 682
95 319
242 322
487 556
41 116
693 844
86 177
743 833
28 310
173 414
747 810
492 669
168 339
357 516
348 571
404 515
21 186
31 122
414 423
308 338
0 124
527 561
701 845
417 461
376 410
25 185
503 525
432 525
376 523
456 553
517 537
56 186
434 534
373 456
387 506
98 332
0 71
366 606
369 389
92 187
402 513
373 502
492 606
56 66
222 238
414 434
107 902
420 507
492 538
686 697
101 317
376 442
728 819
257 322
698 708
729 888
187 242
13 119
455 506
88 130
825 884
752 781
644 664
687 797
866 881
40 307
611 680
747 880
414 620
423 561
370 461
695 701
440 496
54 313
348 395
362 371
787 849
488 512
395 463
619 623
719 827
199 238
269 329
348 448
420 439
13 67
823 853
0 5
30 322
184 272
431 471
376 456
517 976
387 417
461 471
374 420
475 491
128 334
374 419
819 835
423 604
686 818
465 676
353 363
618 682
658 670
353 580
391 563
428 542
630 655
352 375
701 760
400 553
0 314
524 559
777 830
299 330
26 291
250 252
824 853
917 992
82 172
407 533
378 423
542 561
9 334
9 133
707 768
0 311
65 82
506 517
414 608
93 337
373 473
579 589
444 544
417 566
122 285
392 428
686 717
106 238
92 254
378 669
272 280
641 651
0 96
0 8
395 511
483 542
561 565
405 531
781 805
465 493
706 719
348 525
412 645
583 661
56 285
348 523
507 524
686 756
348 381
414 594
107 976
107 994
199 265
107 948
719 766
718 747
573 617
374 669
38 117
563 645
25 280
389 551
712 822
203 297
828 835
505 509
166 173
455 561
107 637
21 165
647 675
360 523
55 200
470 555
7 136
323 332
200 232
475 547
456 523
430 465
204 242
474 547
769 800
21 88
372 422
436 527
107 985
66 113
517 520
75 188
440 484
784 813
39 105
313 342
348 515
933 941
373 523
574 621
359 452
702 822
25 323
698 840
774 830
368 479
128 169
903 963
158 325
867 874
2 333
111 137
745 774
768 789
603 654
946 947
128 213
703 828
688 800
712 782
239 252
511 545
538 948
398 545
423 538
397 422
436 637
387 559
544 556
361 519
618 678
513 580
494 526
104 113
223 271
981 988
686 775
916 946
119 261
768 786
21 322
371 460
414 609
631 679
645 651
653 672
366 976
623 636
318 334
149 326
707 714
525 536
902 957
350 407
724 734
579 684
387 465
366 497
414 618
48 299
437 462
40 77
720 774
762 799
544 580
391 506
504 529
460 520
0 130
395 460
84 236
544 559
382 547
687 828
566 580
0 89
400 514
697 823
745 815
412 423
5 315
380 518
578 615
378 506
806 833
348 413
355 402
146 317
432 570
348 529
350 531
34 428
780 792
7 168
0 226
399 476
488 517
599 615
819 840
719 840
686 714
417 527
353 475
458 496
432 483
122 170
372 429
455 563
394 398
266 330
475 515
171 217
465 473
82 268
615 661
497 555
62 323
752 810
428 526
198 549
418 481
612 630
24 53
420 513
708 869
414 652
507 515
726 773
374 402
397 419
412 416
707 767
221 303
704 777
101 254
767 839
348 490
348 478
471 507
109 331
426 455
360 497
135 184
512 525
876 886
4 78
45 67
41 310
271 325
713 810
21 223
747 758
370 373
395 422
232 280
697 840
825 889
431 475
698 888
186 213
506 559
0 74
128 313
507 563
400 641
419 517
98 104
353 412
353 513
0 26
122 176
796 822
876 882
738 826
496 565
414 632
51 83
363 482
952 967
731 815
25 69
507 557
573 579
589 605
113 169
793 850
107 353
45 200
350 543
141 224
98 238
647 681
805 840
104 295
360 544
107 983
686 695
747 840
686 769
465 558
30 213
466 522
105 119
603 612
188 285
718 730
116 140
21 236
141 257
421 487
738 795
348 397
118 322
98 123
716 728
375 479
373 520
797 817
186 236
376 450
348 385
84 313
414 645
285 323
375 398
107 906
553 644
104 203
718 803
2 226
431 503
609 654
17 214
388 500
417 537
728 754
41 337
22 308
513 601
913 914
419 544
577 675
352 431
465 515
470 507
432 438
592 680
773 823
698 894
473 515
713 722
475 545
726 760
705 814
370 540
404 500
580 936
686 761
755 827
376 439
703 705
192 205
109 314
707 816
400 414
89 319
698 871
427 428
376 412
115 226
363 542
261 297
144 312
437 463
414 611
473 527
402 558
611 653
513 537
412 494
89 95
392 473
417 438
398 559
659 662
654 672
242 330
856 882
204 266
186 285
376 431
434 456
100 163
686 779
711 810
698 887
778 828
800 830
0 346
451 561
862 868
719 724
483 604
789 833
122 156
804 886
605 653
780 838
0 75
127 135
705 741
414 676
122 188
688 713
56 238
368 412
428 558
203 261
511 525
79 272
186 222
277 334
579 625
504 513
306 328
369 433
224 232
719 847
348 541
119 331
190 229
578 647
391 514
834 844
430 566
500 563
592 621
493 525
362 415
0 190
118 238
398 561
204 330
95 147
772 800
366 408
168 291
792 835
545 570
0 131
9 271
107 928
441 564
575 579
25 270
360 514
133 232
402 559
408 430
451 503
916 999
187 302
102 263
135 309
40 271
421 545
378 417
248 291
745 814
484 953
26 186
428 559
211 261
388 415
7 347
142 345
248 311
436 511
56 134
630 631
236 272
55 123
370 395
494 517
695 713
686 741
0 334
414 566
431 517
395 430
820 853
688 696
419 561
428 438
400 493
407 455
370 460
800 805
272 291
376 463
59 98
109 325
53 101
815 837
856 878
553 556
698 883
136 146
738 784
422 579
13 239
598 625
26 315
180 204
391 524
592 682
25 246
705 726
373 461
436 580
452 547
313 325
107 949
686 733
412 492
503 517
0 150
609 653
348 538
363 463
395 400
186 188
818 822
764 783
609 612
382 474
726 821
708 824
149 226
770 820
56 142
118 222
414 563
111 326
172 231
59 261
696 823
370 520
55 277
712 736
130 277
428 514
688 828
792 830
252 325
194 242
719 773
800 814
130 346
7 65
7 308
353 514
787 817
370 492
635 650
67 324
701 830
173 549
27 324
797 820
1 126
9 297
414 655
538 651
388 463
87 213
754 824
456 465
109 322
492 542
109 142
631 678
378 604
170 277
414 680
824 849
728 781
418 547
416 494
1 133
579 644
414 588
924 940
708 774
101 180
658 662
701 778
698 800
465 506
430 541
169 318
64 217
0 296
389 457
107 939
465 683
391 431
348 380
933 971
745 824
686 794
495 520
480 563
19 112
693 837
408 538
376 513
588 678
122 235
724 760
129 168
946 952
56 232
360 373
459 516
181 306
82 84
107 171
404 479
439 487
419 536
457 518
719 752
352 542
507 566
300 346
735 819
567 610
14 326
537 560
690 713
107 933
0 220
414 681
388 559
436 646
363 506
372 455
463 519
5 180
148 271
72 272
756 826
364 501
395 538
590 644
866 894
170 332
699 833
94 180
930 976
26 134
782 813
41 140
760 830
755 849
747 828
175 227
3 25
32 310
363 493
876 878
348 441
348 396
0 64
414 483
363 507
367 483
465 544
297 322
80 242
352 412
0 216
184 251
703 764
376 634
720 730
791 796
141 272
596 618
194 196
747 752
424 509
2 312
465 591
582 670
966 999
739 824
425 477
391 566
434 506
0 39
39 161
395 423
376 570
506 561
82 121
380 516
636 684
864 884
82 119
596 655
350 384
698 893
21 248
402 413
315 323
21 134
98 272
178 345
20 111
414 683
819 838
772 845
438 669
397 507
856 876
698 891
926 997
349 534
553 620
107 915
280 332
739 764
418 465
0 320
348 546
601 637
917 984
827 853
13 65
460 570
582 600
366 374
89 219
78 218
437 498
118 271
26 69
0 156
21 274
41 151
430 526
0 341
433 528
402 567
9 176
758 781
686 796
373 548
169 315
479 536
456 462
0 91
708 849
5 122
697 848
623 654
728 823
461 525
823 843
66 334
169 291
615 670
698 879
493 497
537 566
420 514
149 312
605 630
592 623
688 727
417 507
443 453
158 242
402 425
363 591
107 988
628 662
755 809
574 631
161 271
844 848
7 340
28 116
436 497
414 613
107 974
579 590
658 665
9 315
80 204
754 773
3 9
492 559
348 474
703 824
573 664
395 537
773 853
414 496
439 544
200 223
409 515
745 762
400 567
170 323
577 582
925 927
159 197
172 232
370 374
348 360
322 342
760 814
714 771
0 181
397 504
640 643
98 265
397 426
695 842
5 156
407 543
450 548
705 739
414 649
271 304
86 175
528 543
22 158
566 676
10 67
224 261
741 800
355 382
0 313
7 322
393 399
211 315
755 797
412 520
817 819
360 570
197 284
56 277
53 180
75 258
727 853
409 492
805 818
0 251
456 520
3 228
900 908
479 484
361 500
80 101
492 560
362 492
752 828
136 156
199 324
242 249
524 651
107 997
172 223
483 507
135 284
402 460
107 945
366 542
465 524
596 653
804 888
504 528
80 346
265 271
705 745
413 415
698 856
370 423
436 556
403 519
636 680
369 509
599 659
461 520
422 481
348 494
452 513
246 315
354 450
0 267
795 853
394 511
362 542
0 199
694 824
392 553
348 431
445 500
161 325
606 968
385 461
0 30
373 590
713 848
0 57
366 400
40 277
428 614
53 213
466 529
354 382
0 66
348 508
686 820
0 116
384 464
420 471
465 475
738 751
359 455
822 829
374 556
181 328
16 172
515 553
56 169
14 151
107 927
150 171
577 681
688 740
373 641
378 553
363 561
592 672
745 799
475 566
871 881
363 580
475 546
103 285
252 297
752 847
0 153
493 539
417 475
21 325
94 194
372 444
415 535
519 547
715 745
742 829
403 452
402 500
348 475
357 477
430 469
70 230
461 553
21 169
203 304
436 652
408 484
634 645
867 873
387 406
72 239
963 992
416 493
362 460
40 265
28 326
0 125
481 519
774 800
56 185
175 321
400 431
26 276
58 171
376 490
916 966
489 535
203 308
213 332
419 567
496 553
439 553
13 236
421 493
526 968
30 271
402 563
231 232
370 563
484 497
73 88
0 280
689 771
0 120
388 523
968 999
694 726
32 167
686 734
695 751
414 635
706 847
830 853
687 780
810 823
553 614
720 755
213 231
713 742
145 179
436 524
414 650
0 38
122 303
597 623
414 480
102 175
496 508
616 631
368 497
41 44
472 533
774 784
412 515
432 571
402 415
511 556
536 561
767 768
23 144
617 677
703 820
457 459
703 781
697 835
348 513
376 676
719 834
414 606
0 340
506 508
188 342
425 563
98 331
107 957
354 452
360 395
544 561
455 504
745 830
782 804
524 683
398 430
800 834
353 446
697 844
170 176
348 562
378 483
200 334
545 563
502 539
750 770
862 865
408 487
497 538
252 265
715 805
708 747
727 784
596 604
0 6
686 809
20 41
107 629
67 280
617 644
582 662
374 569
170 304
647 662
352 525
780 834
781 814
693 705
374 527
625 644
412 506
436 673
473 539
9 322
104 128
713 842
536 538
529 531
606 917
21 31
632 647
697 820
404 526
414 660
616 622
728 820
481 489
497 510
370 392
800 845
53 194
119 128
500 525
584 592
615 647
248 332
174 293
98 128
19 89
26 203
781 800
109 148
428 544
420 569
729 886
398 536
412 493
414 579
465 471
40 141
523 524
792 815
738 774
349 478
6 319
391 492
376 519
392 460
874 887
745 823
423 517
432 507
736 742
578 659
756 827
0 139
483 933
957 981
414 598
369 554
515 555
600 665
119 248
483 525
709 805
22 168
438 561
200 236
147 219
712 789
720 764
916 960
56 211
91 193
686 713
392 475
122 251
686 752
414 561
378 514
367 378
366 446
0 238
724 828
781 829
348 487
431 432
728 787
493 503
223 313
696 824
728 838
766 827
666 680
728 764
394 614
105 315
365 408
724 742
354 510
101 242
388 537
834 842
1 48
56 188
473 561
432 553
304 322
231 291
808 809
705 738
761 805
169 236
451 514
398 497
389 554
103 211
272 297
176 188
224 315
392 525
82 313
9 119
729 753
512 513
815 838
584 679
2 343
184 329
412 569
108 127
917 944
696 853
531 563
881 895
374 545
934 952
271 285
412 500
408 445
25 203
423 669
101 266
101 187
107 934
109 186
587 591
414 436
94 101
31 252
659 681
455 543
213 303
455 546
492 515
200 280
579 666
26 298
136 246
573 575
463 535
25 122
687 730
611 618
59 172
41 111
583 628
592 685
695 777
353 366
3 323
348 559
815 856
702 732
113 119
277 280
753 890
803 837
461 683
504 510
0 333
53 299
732 818
39 257
4 273
414 623
915 948
26 297
64 189
414 621
760 827
203 342
686 711
436 566
0 266
370 565
36 135
391 484
374 526
374 465
694 831
21 308
452 465
942 969
502 548
475 506
13 277
690 773
239 313
457 554
768 822
25 186
824 838
200 297
709 777
628 665
202 329
413 448
417 514
713 747
422 653
706 713
360 417
387 523
695 766
444 559
436 438
465 511
754 828
776 872
422 438
271 277
414 651
381 486
360 432
751 830
665 675
429 455
425 456
770 797
272 277
496 523
280 297
729 861
544 604
299 346
376 483
0 21
576 661
753 889
21 272
580 637
524 590
67 158
428 676
375 404
719 745
412 512
31 304
34 173
87 246
620 653
471 566
835 838
686 699
956 979
599 661
418 510
515 524
819 880
348 368
705 805
9 200
98 148
373 680
678 685
348 532
805 880
355 410
924 974
483 553
915 962
475 548
252 322
50 148
492 561
355 474
1 88
522 529
80 173
24 180
125 136
21 159
609 636
629 641
456 525
916 982
419 526
777 780
482 556
579 663
619 644
431 456
25 221
714 839
348 505
731 830
35 143
828 880
596 663
972 983
412 504
348 484
56 304
897 967
525 548
392 456
252 345
26 239
98 277
0 323
370 416
369 455
67 224
713 731
484 511
717 852
362 535
927 946
78 195
995 997
376 591
228 283
391 669
89 327
688 771
396 570
0 219
404 456
465 556
107 606
127 281
395 604
737 815
467 532
578 595
428 561
366 513
724 736
98 291
425 479
53 196
662 665
118 283
430 432
122 315
947 993
100 323
414 622
960 998
828 837
916 978
98 118
366 555
360 442
213 291
290 323
493 494
462 493
113 325
0 24
203 277
516 563
417 545
0 128
77 231
561 651
561 683
576 650
723 828
636 666
118 172
686 785
696 711
122 248
66 142
414 556
168 347
16 29
637 936
398 408
709 819
953 995
597 603
27 54
248 265
423 537
436 488
479 511
576 583
632 662
751 828
25 76
713 816
496 513
493 559
412 430
769 828
373 614
82 199
265 313
694 798
465 542
455 497
578 675
578 661
960 972
373 434
151 312
22 185
261 342
705 843
781 815
104 122
414 506
122 344
603 680
277 323
62 322
720 745
412 482
366 492
820 823
102 296
357 505
21 315
232 285
361 489
67 290
731 810
391 525
363 376
917 919
689 714
500 604
428 513
698 863
414 599
134 252
583 659
423 500
417 511
580 601
796 806
115 326
257 315
122 277
122 141
352 462
422 504
367 396
688 754
705 713
758 783
359 403
438 525
792 823
348 482
391 456
0 330
29 118
723 849
408 444
203 270
650 662
701 724
456 493
271 313
36 108
739 792
693 734
0 149
483 503
362 412
67 142
508 520
416 563
697 800
17 144
598 605
520 524
457 551
757 775
807 823
590 591
438 460
199 325
25 105
456 566
754 815
917 933
615 635
252 304
598 654
238 239
760 842
458 510
56 271
103 252
0 15
368 456
284 329
800 828
763 804
828 848
115 140
0 240
366 566
428 641
414 615
81 286
432 439
484 520
504 546
0 325
517 601
80 249
497 524
434 458
57 320
0 250
650 658
688 766
815 828
368 398
456 506
792 803
0 205
510 553
25 65
694 815
483 494
821 836
36 281
387 402
840 848
197 329
800 842
170 313
771 839
718 793
694 842
239 277
493 500
376 391
374 463
469 551
431 566
378 641
409 503
730 803
376 526
142 186
793 808
432 527
510 563
731 834
635 662
0 235
53 332
686 842
783 849
122 128
394 503
397 523
706 745
348 434
117 280
414 682
135 197
418 497
248 252
506 563
573 598
516 551
461 527
0 34
605 619
361 531
698 823
773 824
414 664
686 691
483 496
686 829
688 777
500 537
473 479
92 242
439 542
556 676
438 496
465 567
45 322
509 554
400 438
385 436
374 506
376 390
708 760
438 497
188 280
719 756
861 876
56 276
719 764
718 809
118 211
729 804
3 67
439 442
199 223
579 588
417 497
0 224
497 546
135 251
789 818
186 223
594 667
400 651
113 165
726 844
718 787
582 635
723 727
21 66
478 496
48 302
718 748
391 487
543 558
368 462
589 664
687 819
705 780
395 545
781 828
0 180
873 885
391 417
827 834
370 559
396 422
381 457
113 199
735 856
544 545
195 306
56 199
414 583
705 828
977 986
828 844
592 636
252 315
236 304
925 967
734 849
348 454
749 757
867 887
784 834
780 830
577 650
785 846
388 507
199 212
395 417
359 530
416 430
713 773
150 324
537 569
694 774
374 391
107 941
705 784
573 666
94 266
370 451
601 629
471 569
764 824
350 546
724 752
686 852
747 797
700 815
30 331
363 637
118 200
98 199
353 560
745 800
40 212
686 776
450 547
503 537
460 508
62 223
697 890
249 330
25 288
519 548
643 659
721 736
421 500
373 438
130 300
428 669
378 496
376 524
599 643
0 76
172 239
391 497
817 828
817 827
789 839
16 332
475 525
137 312
373 524
647 670
374 438
432 460
705 724
366 544
72 165
695 734
719 734
953 997
428 479
21 251
556 563
119 200
397 477
500 527
606 641
772 781
573 623
423 614
724 777
359 391
8 245
432 504
367 403
408 483
819 834
265 342
349 508
424 551
24 101
388 513
360 548
724 834
182 253
503 553
303 322
0 231
203 272
113 285
483 896
355 475
165 200
364 399
483 948
752 853
82 148
461 561
870 871
617 619
134 199
16 118
686 705
694 845
579 653
806 818
417 567
0 104
400 669
650 681
414 465
348 563
94 300
710 810
461 542
516 554
20 226
368 553
393 441
428 591
917 942
405 568
392 560
688 724
474 489
515 654
705 849
493 514
359 475
376 520
930 962
50 119
805 847
460 523
404 465
513 567
577 615
424 469
805 814
410 474
360 388
141 172
403 475
363 419
451 556
203 315
599 627
589 636
953 993
713 840
492 503
781 823
578 643
67 203
414 662
980 995
360 524
825 856
718 828
526 606
713 845
858 895
363 414
436 635
348 393
474 548
252 334
461 506
488 511
1 346
497 515
366 402
713 752
249 346
128 150
374 488
59 342
423 425
606 905
67 271
432 455
514 559
187 194
693 726
353 517
693 823
66 122
772 814
698 889
422 614
421 455
551 554
419 525
414 524
465 526
402 517
513 591
213 285
553 645
111 310
388 421
431 513
544 553
378 391
368 419
428 651
436 483
460 560
478 534
792 819
425 427
515 580
444 538
355 452
227 263
698 890
705 842
710 805
579 623
432 546
779 835
7 22
133 141
647 665
159 272
370 388
718 758
595 658
376 400
726 853
542 567
348 517
53 330
495 570
158 304
48 119
719 794
792 805
353 520
392 542
494 497
429 466
524 527
695 778
469 497
80 213
492 566
518 554
409 500
611 684
353 503
695 724
272 320
526 553
400 614
249 266
538 542
366 394
637 639
391 503
484 544
619 636
420 553
193 259
591 651
722 829
504 570
591 683
404 512
171 904
28 115
404 536
397 506
769 774
259 264
56 63
856 861
706 805
26 308
404 421
492 544
431 438
10 291
178 206
828 842
82 231
285 322
194 302
374 497
784 826
592 653
113 342
697 815
373 492
423 606
609 630
748 779
724 781
934 993
414 577
204 346
348 369
188 271
686 815
461 548
504 531
53 191
185 315
713 815
872 874
72 132
392 487
372 558
605 654
53 322
404 419
703 835
766 847
506 513
946 991
731 853
698 798
141 291
370 414
361 557
718 770
370 523
48 330
726 731
826 842
378 471
27 329
910 912
123 142
500 503
400 432
21 323
427 563
776 873
422 432
909 955
370 465
67 119
728 843
630 666
767 796
107 911
236 297
439 458
0 99
213 308
713 736
497 545
352 408
863 878
451 569
691 771
408 488
9 323
118 265
424 435
208 332
72 199
829 853
583 662
339 347
107 920
0 152
705 761
109 304
707 833
395 645
348 536
0 315
26 79
737 820
414 601
492 614
363 417
417 515
586 646
506 507
506 645
39 313
462 525
348 464
716 718
132 317
419 551
643 665
0 310
434 517
415 556
71 307
456 527
694 722
579 622
348 373
858 870
371 542
348 420
66 304
19 138
368 395
417 495
391 591
708 828
417 523
483 639
373 408
400 517
579 639
412 484
378 492
604 651
226 312
705 834
67 199
444 475
439 561
107 475
774 853
396 557
595 659
373 528
705 781
967 993
414 595
403 510
601 609
687 765
14 149
408 536
21 170
698 774
378 394
432 521
500 566
708 819
362 482
701 747
450 463
58 269
353 601
198 399
367 548
363 976
428 473
56 172
116 162
450 474
122 161
122 186
510 555
690 853
526 561
374 521
415 563
21 104
694 752
128 170
531 543
119 271
722 853
0 222
760 823
413 542
24 57
348 568
0 328
745 755
373 545
456 559
500 548
417 561
465 601
348 351
507 525
705 722
695 696
26 72
524 637
740 841
0 159
764 787
697 701
395 574
94 346
119 189
224 332
0 331
53 242
409 494
280 315
583 681
0 347
26 176
400 415
496 591
567 651
544 557
82 238
686 707
778 812
56 67
355 470
395 506
26 56
162 312
118 331
475 513
659 670
715 834
404 556
65 261
111 337
461 591
127 159
412 558
68 263
503 514
456 511
739 787
829 834
901 958
0 73
538 606
778 844
404 415
376 525
188 208
47 301
451 553
708 814
719 845
686 757
444 473
600 661
687 697
353 930
823 827
475 481
452 489
83 237
116 226
140 144
400 461
409 456
499 532
697 698
764 797
66 67
99 177
0 214
353 561
436 606
698 858
696 713
224 271
469 486
72 232
747 856
804 849
365 513
679 682
72 200
322 339
29 203
67 118
573 588
0 175
577 658
388 492
592 618
366 503
779 792
395 425
402 444
497 517
348 442
419 565
6 219
0 70
144 151
690 694
896 954
623 684
19 312
451 493
9 186
277 332
438 563
733 829
492 500
712 816
980 993
431 556
107 917
14 312
460 517
597 619
122 342
115 137
781 842
67 123
728 817
0 14
452 500
348 567
359 470
60 322
172 277
708 724
361 450
412 529
366 517
637 957
483 493
387 408
452 531
357 457
0 326
739 757
713 777
419 493
248 323
131 278
414 573
713 805
780 835
784 828
487 538
62 341
67 345
367 491
368 378
14 115
438 521
320 329
488 553
13 199
475 606
428 500
94 249
417 513
348 376
400 561
743 782
348 384
739 754
582 650
494 538
0 286
597 653
640 647
702 714
0 147
497 525
400 444
486 516
376 542
392 566
417 520
503 566
733 782
161 199
348 552
0 173
635 643
402 412
40 56
391 438
115 192
483 637
107 926
0 161
353 526
373 591
876 889
373 514
643 662
686 849
369 551
566 567
686 753
101 330
348 372
22 347
91 201
686 755
458 507
0 192
559 561
188 322
211 239
223 246
807 843
455 528
353 409
460 521
517 905
107 946
473 495
916 993
428 475
730 787
357 551
271 298
119 332
395 412
412 422
213 315
378 676
402 432
686 700
86 225
0 302
397 563
728 824
446 491
137 337
622 625
712 742
731 784
618 636
686 826
395 614
28 226
113 334
856 869
428 604
493 561
56 265
863 876
211 325
707 742
553 634
156 188
432 452
408 428
132 303
400 409
359 562
414 427
589 592
146 285
363 461
493 526
859 885
686 789
686 832
774 807
500 557
626 677
0 80
376 580
719 726
363 368
632 650
357 486
697 849
394 559
776 885
686 811
388 557
428 930
506 520
599 681
373 553
107 937
695 760
506 606
376 606
5 187
397 420
616 630
760 805
370 475
705 752
367 373
628 632
88 242
356 472
92 94
805 842
412 580
104 109
184 281
0 117
590 680
109 119
465 604
376 497
489 557
396 546
140 214
497 513
566 637
180 249
404 408
450 519
394 520
731 774
2 149
420 506
142 236
901 963
370 527
21 98
75 272
771 802
417 460
28 41
115 116
770 845
261 265
348 460
17 116
705 830
199 304
110 259
354 359
0 42
584 631
745 781
567 645
55 186
461 497
420 483
92 194
458 553
781 824
414 634
870 881
727 800
348 375
445 492
959 983
0 198
141 258
373 475
786 813
224 291
703 856
21 284
194 346
463 557
376 417
619 678
496 669
188 223
49 241
616 639
13 304
25 231
142 297
781 809
238 342
779 780
415 542
36 309
526 906
661 681
231 315
132 242
434 566
376 669
159 345
14 310
400 524
445 560
430 456
21 188
475 490
161 203
475 553
496 566
0 236
122 200
0 339
26 224
162 333
0 58
877 885
19 175
770 828
133 271
653 677
277 285
26 133
430 563
513 604
71 230
113 239
504 539
0 269
475 489
86 227
473 556
537 538
797 831
661 675
368 517
740 817
9 69
0 186
170 188
617 620
0 264
747 754
0 79
348 392
760 829
350 419
1 73
0 178
133 188
719 755
582 681
388 503
416 569
605 678
366 417
415 520
107 601
407 458
41 137
773 842
493 560
697 824
514 614
0 50
0 329
661 670
747 823
417 444
765 843
574 596
111 214
369 563
575 664
26 332
128 186
374 563
695 794
497 560
706 853
421 570
89 147
440 525
212 252
713 818
0 172
236 248
8 110
348 353
791 806
0 312
713 748
398 462
547 548
0 41
99 175
280 291
686 739
758 836
721 848
378 563
446 487
579 598
431 559
711 853
888 889
740 748
510 533
813 833
745 817
0 319
67 344
688 770
142 169
277 308
363 370
728 828
719 842
700 794
701 777
463 531
107 348
0 324
942 971
446 539
694 719
654 680
374 683
726 766
696 745
439 517
408 525
694 710
917 938
0 113
109 297
805 827
703 709
719 772
55 239
491 548
428 570
641 930
0 92
0 33
142 334
573 611
366 496
186 271
218 273
719 733
400 420
366 539
56 98
423 646
230 307
611 677
427 496
901 992
611 654
62 142
705 728
627 650
375 431
755 793
166 198
0 316
483 557
618 619
368 526
107 389
705 819
705 824
373 580
3 274
861 878
367 481
414 685
445 487
422 596
17 41
791 818
436 542
0 19
98 119
0 227
0 126
69 121
434 604
417 421
408 438
29 231
573 636
273 275
445 463
0 321
107 901
1 315
658 659
214 312
694 766
494 537
484 580
795 813
709 830
24 302
395 513
709 848
80 315
414 670
24 187
4 181
473 525
171 189
478 508
526 538
353 542
805 817
373 463
94 204
603 623
686 773
651 683
477 518
797 827
428 497
373 515
619 677
355 403
718 805
484 538
747 773
369 457
739 740
363 544
353 376
419 483
98 271
705 800
519 557
348 471
914 915
548 556
520 544
606 645
686 692
392 527
398 527
428 456
439 500
503 567
461 483
752 805
780 845
724 754
21 121
376 566
388 566
769 890
451 567
495 544
167 337
26 277
732 839
22 87
712 768
798 855
363 936
402 417
686 738
714 732
419 423
389 469
212 295
421 457
200 248
231 239
819 827
504 514
719 759
599 675
381 424
374 461
728 807
713 814
368 404
475 497
21 67
180 254
392 436
67 134
525 537
730 747
107 966
412 549
363 388
56 313
696 774
412 538
420 567
122 304
395 402
391 553
431 497
169 277
59 211
698 865
348 457
65 314
583 640
313 315
56 231
305 312
415 473
188 277
432 506
96 133
353 471
391 500
697 856
739 823
106 329
422 523
80 88
322 345
493 537
418 475
78 328
719 720
463 473
662 670
252 271
366 404
0 22
123 200
414 637
456 497
688 739
0 86
732 802
26 280
0 242
654 677
512 545
792 837
376 652
720 832
395 456
686 778
373 637
391 527
354 555
186 199
107 907
583 650
372 531
520 545
439 523
484 968
412 561
62 170
20 312
741 828
387 513
195 328
709 838
261 313
369 381
252 308
517 559
119 269
277 322
38 332
119 125
784 827
497 566
376 515
508 563
432 451
25 188
38 141
213 239
368 527
134 203
633 636
428 594
446 482
36 284
641 915
360 422
355 397
9 295
137 167
436 683
395 561
810 828
56 323
439 507
399 441
438 500
82 325
19 227
105 272
539 560
693 778
805 831
780 823
374 412
350 528
728 835
412 526
733 786
627 662
388 496
59 118
98 186
708 713
428 482
23 124
348 447
404 545
392 559
695 840
414 673
489 555
484 567
575 612
630 644
375 493
729 889
574 630
583 600
483 561
357 424
747 763
107 995
408 511
395 419
357 563
198 348
391 428
592 684
714 806
694 853
0 109
388 544
752 824
107 972
0 218
898 969
687 805
736 782
622 678
348 462
376 514
428 432
25 40
0 336
538 637
698 870
164 285
596 917
56 161
405 563
731 805
747 792
941 971
688 695
374 566
94 187
726 828
370 542
600 659
734 846
463 517
422 617
426 563
167 310
766 828
55 185
26 185
78 181
383 387
30 73
378 456
431 511
761 800
500 580
426 513
640 681
857 868
268 325
122 169
415 545
526 566
479 520
709 754
352 479
558 604
290 322
363 374
582 599
762 814
764 807
686 823
60 158
99 143
733 839
23 99
805 830
686 706
48 88
330 346
488 556
599 635
760 824
756 847
348 399
445 473
592 666
455 565
236 271
0 101
726 824
368 521
119 171
111 312
500 524
0 247
373 546
517 936
409 526
374 418
622 663
348 423
802 806
658 675
0 133
396 470
422 597
415 445
41 144
582 632
694 773
805 843
438 676
647 658
148 185
376 432
898 917
400 475
462 538
9 341
0 297
466 539
615 658
783 827
395 421
514 524
115 220
375 409
404 511
788 806
359 376
313 339
34 348
408 500
398 517
484 513
512 536
618 679
107 916
475 507
515 614
497 527
21 277
23 61
863 889
553 569
703 759
194 266
85 170
811 890
400 412
577 670
67 109
708 769
0 32
651 905
31 291
719 848
426 510
436 517
223 239
748 793
170 274
514 669
448 460
348 404
254 330
504 553
40 72
580 591
465 669
348 540
414 553
400 538
630 657
627 665
952 993
363 524
477 554
457 509
414 631
730 849
115 262
199 314
75 85
497 526
87 136
438 488
414 657
30 178
412 547
257 272
612 619
374 430
617 654
59 252
350 527
420 556
879 894
0 252
734 766
25 257
431 683
355 543
772 805
389 424
122 325
363 526
713 746
33 42
507 517
903 917
439 520
799 845
402 508
348 426
483 962
475 676
373 413
21 105
686 788
20 214
703 779
67 82
423 553
506 521
84 265
304 315
719 799
445 495
615 643
290 342
824 835
120 136
252 261
701 794
169 280
696 773
686 735
774 811
456 517
348 400
25 252
450 557
483 524
524 561
455 553
694 756
525 563
705 787
373 397
195 273
492 637
19 115
824 848
460 507
176 290
582 640
588 653
412 414
98 223
479 542
614 676
677 684
139 251
214 343
158 322
187 299
223 315
603 625
632 675
625 677
423 506
367 553
553 669
387 517
576 643
458 515
348 435
703 787
414 663
170 211
724 726
558 570
376 473
423 591
418 523
414 581
104 186
348 542
503 539
359 491
507 556
370 430
800 827
486 505
363 436
369 477
575 589
654 684
67 212
726 752
348 501
348 349
573 589
573 630
625 633
702 725
524 566
297 323
107 376
130 204
688 823
814 828
366 428
271 323
686 719
56 104
695 847
736 818
348 433
737 824
348 527
378 412
242 302
284 309
408 512
596 630
425 534
370 376
376 553
618 653
537 545
107 935
416 483
373 525
748 817
0 270
188 341
103 169
277 315
360 565
688 694
272 304
459 551
29 106
698 825
614 669
524 525
392 404
724 820
414 671
538 580
438 614
686 781
580 976
780 805
41 312
392 493
400 539
17 326
394 676
315 329
932 995
698 703
370 397
858 881
430 525
186 322
348 414
85 188
712 839
19 289
431 669
714 767
819 828
392 482
407 563
348 374
454 564
348 383
418 506
0 307
475 523
760 794
362 473
369 518
427 464
686 740
1 53
25 332
348 473
40 113
314 342
688 830
9 291
747 831
348 357
417 428
159 277
465 517
404 542
16 329
902 975
409 538
103 271
198 476
483 566
417 524
740 831
392 503
200 322
567 604
92 249
698 875
412 461
438 591
747 820
614 645
258 295
609 666
172 261
0 342
716 849
605 626
473 560
583 627
456 524
619 630
753 856
395 556
48 332
412 527
452 519
158 168
724 827
747 753
796 829
485 518
420 432
67 342
517 525
742 786
627 670
573 619
713 850
24 346
26 40
483 517
686 850
615 681
0 275
619 653
238 252
483 506
30 303
686 813
66 239
484 526
517 536
432 510
705 799
599 662
432 471
790 832
694 697
390 475
526 637
588 644
148 229
417 559
31 200
21 197
0 234
575 592
705 823
21 109
353 431
304 308
435 459
348 398
348 570
360 507
360 561
695 711
525 545
515 527
397 449
417 500
26 113
197 281
726 845
219 319
98 261
482 506
188 315
463 555
26 170
141 236
361 396
696 738
0 206
590 623
857 871
414 643
426 531
268 271
348 361
224 322
107 977
445 460
515 519
592 609
566 968
479 503
779 824
9 199
26 322
597 630
713 831
7 87
688 697
0 265
520 523
592 664
438 634
0 88
105 280
432 569
26 223
695 805
498 532
419 469
587 646
418 568
577 662
517 606
103 339
686 754
304 334
65 203
0 288
960 966
474 546
429 531
774 805
172 203
783 809
553 558
236 318
258 323
444 488
226 343
14 41
199 315
1 194
8 91
53 130
897 927
56 221
422 655
697 713
402 544
206 260
916 972
492 567
898 942
705 715
107 923
946 968
0 309
686 701
744 848
353 606
0 163
523 545
404 462
376 414
378 400
487 559
598 653
461 524
188 252
784 794
348 456
386 532
149 162
578 650
705 748
716 741
170 268
488 496
408 456
402 436
2 20
373 460
417 493
379 532
438 514
630 685
412 593
576 675
734 803
353 373
172 313
414 644
734 829
820 830
706 810
186 272
376 428
107 947
484 506
627 635
353 567
764 843
823 828
0 184
348 483
688 723
34 414
85 156
567 590
196 285
200 285
578 670
348 358
460 553
490 523
599 628
40 172
416 417
549 563
196 254
456 473
142 322
311 344
391 512
414 667
421 543
597 633
805 853
7 315
199 322
763 787
52 192
461 669
107 965
152 339
211 342
62 261
404 487
400 591
214 230
53 302
754 848
366 930
180 299
579 592
483 580
141 239
694 737
823 848
578 662
810 847
1 322
156 235
630 663
359 547
419 513
561 604
436 553
136 304
747 800
493 566
903 992
168 304
357 554
576 681
10 323
747 837
916 967
715 842
773 827
720 739
348 507
752 820
719 824
466 531
178 329
0 168
13 21
639 678
232 291
391 614
396 481
698 885
220 312
0 287
395 483
726 805
824 837
455 557
519 546
0 207
686 724
106 231
465 559
25 277
0 179
758 827
158 339
622 639
508 544
23 155
686 854
612 664
188 274
363 455
576 658
39 141
389 497
21 271
115 214
67 248
203 322
375 503
361 547
363 514
391 515
573 633
388 452
348 432
363 444
422 455
975 988
598 680
360 412
589 611
436 492
440 449
686 841
431 492
694 847
755 783
172 308
376 556
359 546
232 298
111 343
736 746
489 546
424 505
431 434
632 635
353 500
773 836
419 540
661 662
592 617
507 510
845 849
79 200
169 185
483 526
72 291
754 805
686 764
422 444
822 850
815 819
697 721
725 732
178 303
348 522
474 557
391 483
517 526
376 563
582 615
712 767
417 506
369 561
0 300
348 556
353 420
0 56
583 643
60 313
703 747
142 308
710 847
596 609
26 67
353 404
754 838
553 561
370 439
376 502
0 20
400 601
107 999
694 727
13 26
458 490
559 683
39 69
460 535
400 497
361 463
686 795
13 313
640 650
414 612
10 142
496 517
727 770
291 315
400 544
348 411
80 266
107 484
762 827
461 544
706 828
186 341
467 572
455 466
360 555
398 445
196 330
403 547
527 553
897 947
132 277
761 772
242 266
589 654
367 519
414 679
410 463
373 651
694 834
363 475
469 554
186 303
830 840
736 833
543 563
438 511
452 546
248 277
376 683
312 343
579 617
360 444
577 583
592 616
40 67
158 332
41 214
412 460
353 566
503 542
0 272
816 850
698 747
362 570
506 519
812 837
400 419
417 544
284 320
107 931
109 332
397 444
695 754
93 137
475 492
482 553
430 503
783 793
412 533
701 821
773 829
26 55
688 847
511 512
434 490
415 428
25 56
348 470
203 332
166 202
442 544
645 671
362 495
711 829
597 611
938 992
509 518
432 561
694 705
418 553
727 828
773 821
373 559
490 548
142 285
57 242
719 817
419 559
705 820
376 561
366 395
21 200
422 592
616 657
203 223
420 430
432 545
559 606
921 967
21 108
172 199
161 304
497 507
13 211
66 134
412 438
39 121
616 678
515 641
113 313
21 332
31 237
355 519
360 520
158 315
353 432
91 259
428 667
355 510
25 98
694 848
26 98
323 341
491 502
634 651
0 100
252 324
453 468
177 227
866 895
356 411
412 559
901 938
579 680
439 451
354 489
639 682
588 682
370 514
408 545
595 627
391 637
239 323
370 415
9 67
431 465
181 195
719 805
94 315
694 754
686 825
376 651
30 329
178 213
139 184
511 559
592 625
115 149
603 609
40 334
276 322
477 485
697 754
482 548
917 965
26 236
644 666
404 484
589 677
107 929
797 828
921 927
348 364
13 172
107 982
412 481
353 515
98 342
99 263
598 636
20 44
370 471
432 541
113 271
423 651
55 170
688 792
501 564
578 582
475 524
378 475
79 271
804 882
438 475
40 317
517 566
592 626
826 830
271 314
26 199
370 646
99 278
376 405
366 434
719 853
48 80
348 401
484 637
417 560
823 838
59 325
635 675
133 276
457 469
428 506
236 315
695 781
374 570
45 122
376 482
372 570
589 623
422 561
13 332
400 511
606 614
616 621
653 654
196 249
686 810
759 828
780 815
88 178
698 769
896 989
503 527
396 474
196 266
9 224
600 662
67 69
422 604
713 751
764 827
366 524
559 566
0 197
462 494
738 781
303 345
128 265
578 600
394 438
25 200
353 496
366 553
213 322
741 835
422 553
376 378
238 271
372 545
113 252
601 976
5 158
378 561
704 770
492 604
185 188
422 545
395 414
579 677
509 516
597 618
762 805
726 820
803 832
727 766
741 827
606 915
441 501
352 409
348 547
414 678
381 509
59 239
201 259
0 344
412 614
604 637
878 888
615 627
414 597
410 500
302 315
698 872
0 298
373 604
108 197
121 280
198 441
805 834
57 346
734 853
107 951
508 534
582 595
186 277
456 513
393 501
280 329
422 555
122 323
726 778
916 925
436 634
391 580
127 197
596 620
686 772
395 431
55 252
438 524
515 637
26 66
46 177
0 257
697 777
354 547
392 492
777 824
497 500
0 268
395 523
116 343
395 544
186 200
475 567
579 603
373 392
482 515
14 214
0 189
376 426
763 849
62 318
366 493
780 828
378 614
397 432
369 407
113 277
686 763
304 347
696 778
511 536
536 545
0 51
686 742
402 428
506 527
100 189
553 570
469 553
38 178
603 605
686 766
405 513
68 175
810 834
513 606
422 630
397 570
140 312
82 318
46 278
350 426
559 676
496 506
713 738
425 520
378 566
506 553
414 492
696 829
30 56
592 633
392 465
348 544
109 252
40 199
425 570
370 683
696 739
695 718
31 129
444 517
492 641
431 506
119 239
686 839
414 672
39 280
414 656
149 333
462 512
925 999
58 107
0 195
391 517
423 431
0 59
527 567
470 531
5 235
410 555
199 271
303 315
0 27
374 482
236 280
355 489
697 748
575 680
260 322
412 544
514 548
686 851
62 96
423 523
436 604
204 277
469 540
239 280
353 482
686 715
716 820
402 475
271 297
121 315
277 324
25 72
514 527
691 833
734 805
873 874
459 486
528 553
864 893
213 236
451 513
348 514
442 531
688 772
236 252
484 525
119 329
348 481
686 855
13 82
698 811
812 815
104 123
387 461
200 323
741 747
760 784
523 570
368 408
752 823
428 465
67 272
748 830
408 473
348 545
0 102
414 629
416 537
686 730
173 649
9 141
424 518
523 561
361 474
107 944
391 561
423 559
348 422
741 781
414 614
492 524
412 487
724 745
414 636
392 538
504 562
724 848
456 479
25 236
257 295
56 88
408 503
703 741
376 420
719 728
397 554
398 479
200 277
475 482
409 419
800 853
475 563
408 461
373 634
261 271
760 781
0 7
617 664
752 774
67 304
747 809
56 291
461 492
810 842
107 909
419 538
374 376
376 436
517 538
366 520
200 325
559 637
203 325
113 132
40 232
13 271
31 277
366 936
946 967
0 107
63 271
428 549
766 823
531 547
30 236
591 669
17 137
687 830
507 520
414 591
398 404
824 843
395 525
355 557
90 179
449 507
26 285
493 512
395 497
647 659
212 304
414 641
527 559
348 550
367 455
0 44
410 547
412 503
367 566
0 237
353 483
753 769
764 809
734 842
595 670
765 779
713 784
827 830
506 591
48 180
579 685
400 542
719 747
370 419
66 308
404 525
753 823
376 645
21 127
696 727
713 817
622 684
688 726
748 787
0 210
395 514
436 475
288 315
172 304
434 436
592 654
578 599
719 781
741 770
394 492
409 512
385 507
428 553
392 430
704 799
178 186
577 595
118 203
686 819
815 847
483 596
373 500
84 237
150 189
978 980
348 409
415 463
458 482
197 320
973 990
631 639
723 734
484 536
460 465
686 828
517 524
632 661
575 654
458 514
414 600
766 800
807 819
378 414
98 315
370 604
0 35
781 810
724 773
598 677
531 570
0 138
400 436
592 677
713 766
438 596
9 161
315 345
186 252
720 781
828 830
40 280
56 119
695 706
820 828
463 507
96 213
348 504
104 344
8 193
566 651
196 204
272 329
507 514
587 634
381 516
727 756
422 619
404 483
109 203
354 458
603 644
414 628
172 332
348 430
88 336
261 345
369 486
131 225
180 194
484 515
134 334
128 211
450 481
414 589
392 500
40 272
724 830
7 103
688 747
677 680
694 713
438 645
579 633
0 55
609 626
0 52
374 492
400 428
236 257
48 130
745 829
414 586
792 807
7 291
701 780
579 621
438 513
561 591
421 504
354 376
339 340
59 250
36 320
107 984
56 341
694 731
578 665
897 953
598 618
373 587
367 555
0 255
271 272
495 514
623 677
382 500
348 496
159 284
98 276
56 322
951 973
413 445
7 31
386 401
423 634
553 666
644 654
738 752
752 830
168 277
722 738
4 275
322 341
488 513
63 261
700 784
764 781
313 314
817 850
686 792
418 555
195 218
687 774
795 820
67 113
432 456
0 53
686 693
5 204
395 517
418 463
709 828
600 670
444 506
351 454
522 539
9 203
428 452
561 566
352 492
109 285
72 212
376 452
450 497
285 342
380 457
348 495
281 320
697 765
23 245
104 325
455 510
509 551
423 484
418 514
485 563
686 793
544 676
413 473
92 180
705 731
374 524
534 563
705 853
40 298
360 370
695 844
0 281
724 794
513 553
65 252
687 703
483 651
376 538
348 510
688 840
431 545
414 431
482 496
387 395
0 43
21 25
353 391
413 461
353 540
390 539
109 239
770 849
412 537
784 810
56 207
376 547
350 369
107 908
523 563
520 570
915 930
622 623
0 292
376 394
434 580
266 302
188 291
793 836
422 663
422 593
14 343
22 277
423 560
741 836
348 531
507 559
444 503
479 525
507 544
615 675
718 720
161 314
199 252
14 144
108 281
159 172
513 646
0 169
348 555
537 567
404 493
637 896
374 456
348 502
417 431
116 214
378 436
439 473
388 497
500 521
232 322
456 561
686 768
373 436
31 339
128 172
355 548
397 510
773 784
697 745
408 439
470 562
856 893
497 537
376 471
396 489
48 203
582 627
68 225
686 723
184 346
380 424
718 764
723 826
69 236
107 940
828 853
739 828
414 558
563 567
0 261
772 828
19 343
353 641
0 304
513 641
72 252
689 732
13 148
122 136
109 158
0 122
373 498
423 465
456 563
776 877
734 785
794 795
484 936
982 998
745 784
211 304
400 556
542 683
686 750
204 302
484 566
163 249
0 246
643 661
422 489
385 423
413 463
315 339
484 514
716 799
359 367
611 625
107 964
99 102
82 261
515 620
26 128
56 315
348 468
403 515
541 563
348 572
716 747
355 546
598 630
431 536
764 838
0 284
787 803
370 436
385 483
713 819
173 348
740 770
218 306
173 202
703 754
695 824
0 2
301 324
774 856
203 331
582 675
414 638
391 502
404 445
620 666
686 827
88 303
129 347
469 563
29 252
439 514
101 299
428 515
400 506
359 531
442 460
26 62
793 797
604 671
425 428
25 169
257 344
0 303
300 320
0 299
828 849
266 346
9 252
13 109
632 659
745 794
348 492
25 130
400 482
659 665
0 48
763 820
475 565
444 445
350 561
409 521
483 513
697 827
373 391
463 481
705 835
709 840
422 547
62 186
592 622
636 653
556 673
461 645
67 223
630 678
388 438
463 542
573 597
20 343
9 285
708 753
764 793
0 61
184 284
719 774
966 982
107 905
408 493
285 304
353 419
423 513
0 135
781 830
188 290
109 229
0 85
657 682
378 542
396 410
359 489
156 295
522 531
212 298
766 771
471 561
25 67
380 509
56 60
815 824
432 482
553 559
169 271
503 511
185 274
439 475
400 465
643 670
695 738
686 698
426 546
431 500
703 765
493 536
352 398
701 774
407 490
694 823
56 109
446 490
348 379
746 816
9 329
513 634
324 340
10 277
897 995
374 525
376 500
526 651
6 89
589 622
774 819
394 475
739 840
26 118
348 425
246 340
797 849
417 570
489 547
370 413
368 493
716 797
67 161
21 313
119 297
438 483
416 419
13 59
109 277
352 517
735 800
227 278
696 805
431 563
25 199
91 245
711 795
85 322
630 682
754 823
617 630
493 557
625 654
376 548
475 514
512 526
805 838
445 465
374 439
392 567
185 200
474 481
528 563
144 326
483 641
640 661
696 828
495 558
554 563
21 342
133 280
574 579
428 609
609 620
603 677
223 261
542 560
348 402
540 559
766 834
633 653
805 810
185 271
701 842
525 538
130 213
120 277
819 848
781 793
865 868
579 605
698 862
9 156
784 842
414 647
23 190
582 583
26 248
711 847
0 337
867 885
364 441
460 497
107 993
31 280
224 236
800 823
840 856
348 480
119 323
436 561
185 272
366 514
439 570
420 566
169 239
0 127
404 503
414 626
738 853
127 184
616 625
373 425
213 277
456 512
863 886
0 118
67 334
421 558
697 805
733 768
200 224
398 512
506 566
542 553
803 820
810 814
724 821
53 248
394 414
466 504
119 324
24 249
777 829
761 842
199 239
512 560
28 312
122 252
91 110
28 149
101 346
689 702
198 501
148 176
800 856
353 460
489 519
748 764
451 465
223 252
309 320
181 218
388 450
752 831
428 683
703 730
304 332
107 538
30 200
116 149
412 434
67 141
686 840
422 474
396 547
471 567
402 506
724 778
348 557
621 663
882 889
706 834
426 431
51 84
781 834
254 299
767 822
822 839
711 722
730 783
395 678
458 475
0 239
392 556
430 537
82 158
121 169
0 93
368 503
395 451
921 995
370 431
414 559
561 606
1 280
896 988
414 619
30 304
362 373
647 650
354 531
747 849
741 763
695 700
739 797
735 769
434 492
748 849
203 238
331 332
17 111
752 815
496 515
251 281
92 204
72 172
67 122
378 517
614 637
619 633
376 506
0 318
687 777
773 781
766 849
304 324
0 332
770 783
107 925
26 158
348 440
698 878
428 512
543 546
686 731
381 389
482 565
360 438
438 492
403 458
354 396
698 877
28 144
122 203
686 725
781 853
719 760
694 695
687 747
414 653
280 323
475 500
204 254
119 170
232 276
107 921
368 409
388 400
686 690
354 497
198 351
13 223
857 865
376 397
654 678
398 511
600 627
107 968
713 800
394 556
696 784
589 617
428 517
500 637
108 272
348 350
686 716
423 473
625 630
423 524
438 446
62 122
580 606
3 142
431 614
378 431
63 342
713 824
637 669
452 475
908 950
728 803
705 831
700 795
494 561
542 591
784 829
435 563
713 745
697 766
695 829
53 260
366 378
400 513
577 627
686 848
591 634
392 423
388 483
745 790
834 847
519 531
688 701
512 556
687 759
736 816
418 504
698 805
705 847
414 639
492 517
7 213
370 387
122 322
774 824
223 342
834 853
382 410
0 217
374 417
460 463
776 887
422 483
122 284
169 334
378 482
367 547
107 904
355 359
698 804
515 525
587 645
211 331
480 593
62 161
640 662
107 517
39 165
423 503
733 795
378 502
698 867
544 566
500 556
374 451
21 184
387 503
376 387
118 268
353 559
198 564
378 544
559 614
599 647
705 844
234 239
351 364
348 565
784 854
65 339
370 507
520 553
695 719
728 780
24 194
739 780
462 517
527 538
422 685
957 975
223 325
830 846
26 313
872 885
395 591
155 157
452 555
838 856
381 419
0 278
9 304
698 874
444 487
604 645
697 708
728 773
400 580
366 376
373 567
510 513
579 664
363 409
515 545
132 334
731 745
128 248
477 516
26 200
752 766
601 630
431 525
422 678
113 142
811 869
732 789
348 479
828 834
119 325
94 254
0 185
203 338
108 320
239 295
728 779
686 726
645 646
944 965
224 276
917 957
73 130
408 479
50 334
726 823
56 261
713 830
370 591
589 620
415 421
756 805
348 459
424 486
119 163
947 978
719 787
514 569
25 232
573 654
747 774
426 524
0 223
462 532
513 561
654 664
50 146
414 633
0 77
366 637
960 997
133 183
686 784
612 654
592 644
348 362
513 563
391 460
600 640
924 954
475 521
105 277
432 563
348 466
726 781
573 592
492 553
21 232
705 770
708 797
0 221
408 517
67 200
583 658
754 780
773 820
103 136
373 400
688 821
696 724
612 617
0 194
773 834
483 942
745 758
48 271
577 643
730 797
439 477
236 303
97 230
705 759
513 515
428 430
353 976
687 838
620 654
4 306
376 673
452 460
353 400
119 339
694 781
728 730
348 518
387 507
799 814
396 555
446 517
480 540
360 513
391 548
507 526
632 640
543 570
56 213
719 828
366 526
705 845
640 670
456 545
63 313
796 818
428 463
0 16
646 651
677 682
728 783
169 332
724 784
455 569
109 200
479 559
438 556
348 453
615 662
387 444
457 505
165 169
373 387
435 518
687 856
531 557
249 254
511 517
687 807
460 475
13 98
366 484
158 291
432 555
590 633
508 541
728 792
752 773
0 289
107 960
374 513
394 513
348 499
123 252
713 760
506 557
187 266
348 443
408 513
21 136
199 211
31 338
686 765
524 553
686 770
414 669
388 445
0 263
456 496
98 280
0 157
3 170
128 315
428 511
456 567
40 304
115 343
662 681
592 603
483 560
408 417
713 721
395 630
479 483
123 342
170 223
688 849
352 503
636 678
738 842
203 265
820 845
713 844
430 514
577 659
584 682
414 542
400 606
36 251
122 123
412 604
719 727
252 313
403 546
460 567
544 645
689 839
806 822
436 506
370 555
455 531
686 687
261 318
162 326
422 654
31 308
370 452
55 56
285 303
392 561
523 553
506 545
373 563
713 794
434 559
67 303
694 830
719 849
475 930
40 158
376 419
545 559
635 661
414 617
751 842
583 670
713 833
695 784
348 439
686 856
745 773
512 515
412 456
353 370
606 936
365 520
26 257
619 654
400 537
412 452
577 632
107 596
626 630
367 490
428 507
395 512
419 488
452 510
792 850
94 302
0 271
139 159
165 342
497 565
25 322
107 961
25 158
410 548
706 784
0 233
553 683
0 11
21 239
0 108
369 380
417 553
600 632
726 754
403 555
9 105
701 726
504 541
172 331
404 440
460 558
104 271
763 836
218 328
575 630
134 304
428 601
388 465
87 308
944 977
20 149
123 239
239 265
113 186
56 203
599 640
931 939
376 438
208 291
456 460
460 547
922 991
597 625
422 644
0 229
395 601
56 132
82 118
591 646
698 886
373 417
414 567
387 570
104 303
590 617
378 637
21 142
514 517
45 104
546 547
432 544
107 950
352 456
39 119
645 683
363 412
25 271
121 236
708 730
482 483
376 396
389 459
148 272
517 545
172 325
41 226
0 277
688 819
723 830
385 524
619 625
493 511
609 617
23 227
435 555
871 879
59 82
366 580
475 559
107 913
766 805
697 819
368 500
438 553
605 680
398 493
723 766
465 495
458 545
758 814
691 746
104 188
436 591
440 493
616 684
414 585
348 521
718 762
0 90
0 212
703 838
445 556
56 200
752 784
163 173
419 516
483 515
713 724
172 342
438 606
85 271
368 375
366 368
872 873
458 489
582 643
730 764
409 412
582 661
482 517
402 463
539 568
348 463
368 538
373 517
0 260
706 773
4 218
389 419
429 529
0 170
378 497
672 678
85 258
450 539
363 385
363 481
9 188
583 675
460 461
414 461
0 274
698 857
353 430
927 993
21 280
540 560
406 437
698 864
787 797
760 828
366 515
438 546
715 827
107 526
242 254
916 983
404 494
630 672
426 525
199 232
53 254
422 449
637 968
458 470
367 504
824 827
438 461
186 323
778 830
792 824
520 542
456 503
409 561
348 528
244 282
402 482
404 538
41 343
0 293
589 625
107 900
93 167
41 230
348 352
348 569
0 95
417 503
212 271
617 680
713 762
376 517
352 536
381 551
198 364
698 859
419 456
747 769
25 51
497 506
627 659
67 285
402 545
375 538
708 827
686 702
408 419
518 563
348 450
173 427
794 842
348 533
711 727
688 719
0 225
492 537
925 980
137 140
0 345
414 659
7 246
577 635
439 444
414 428
653 666
725 818
824 842
428 606
348 543
363 432
720 808
107 936
719 800
500 507
263 296
430 561
2 115
438 506
827 849
690 820
686 786
378 513
513 557
472 567
453 498
774 843
691 782
359 396
917 954
348 455
710 711
727 752
199 231
402 514
199 288
697 781
402 553
0 245
172 265
730 763
412 567
432 465
402 495
703 718
686 798
54 119
238 261
376 511
107 897
395 452
701 754
172 329
397 483
513 669
686 822
428 461
0 110
731 781
107 903
352 494
0 187
470 547
41 326
414 590
372 568
445 535
67 169
0 166
827 828
82 203
348 437
604 676
483 671
92 346
747 780
422 546
525 561
920 921
414 668
399 501
718 815
506 524
9 148
0 98
394 436
0 176
592 605
404 452
463 475
147 319
583 632
719 819
417 479
9 258
123 261
79 119
497 544
431 538
172 271
544 570
882 886
119 313
431 515
718 817
395 488
697 747
252 291
745 847
856 863
465 580
556 683
698 713
277 325
62 133
694 828
200 324
515 566
348 558
62 130
489 531
186 203
60 285
308 322
488 524
595 662
80 330
348 356
504 506
787 808
626 664
650 659
719 814
161 322
444 495
726 834
25 272
98 211
793 849
710 803
438 548
370 438
84 224
616 618
113 304
824 844
67 196
21 123
246 285
511 561
703 758
703 748
483 537
694 829
0 258
483 484
376 507
144 149
717 855
402 421
373 471
187 346
93 111
56 303
78 273
573 609
360 463
694 810
67 332
380 505
879 881
573 618
632 670
560 565
319 327
26 188
430 484
514 537
479 517
67 128
400 559
776 867
496 507
0 97
363 373
366 373
423 436
737 828
373 421
105 257
559 651
431 514
713 828
348 446
577 600
713 778
409 487
812 828
158 248
689 712
745 820
650 665
25 291
542 556
422 631
199 222
362 413
586 634
617 626
0 162
718 834
417 456
463 547
350 397
359 557
376 496
765 780
414 582
490 502
389 397
118 324
45 303
428 524
823 830
75 274
659 675
351 564
700 745
444 449
348 519
367 502
686 720
107 992
412 609
745 827
431 537
780 824
409 497
137 214
421 563
686 843
391 556
45 345
0 119
419 471
378 527
579 619
137 326
181 273
686 816
3 280
698 895
13 118
747 848
357 369
419 537
212 232
107 899
67 156
784 795
592 597
79 185
709 835
423 475
732 791
619 685
437 467
484 560
479 513
104 200
435 551
363 669
68 143
511 566
348 389
804 861
324 331
187 254
708 755
64 150
591 606
398 456
703 845
686 847
107 366
374 614
355 463
592 612
460 543
402 520
36 127
107 991
227 296
389 509
611 664
403 553
439 471
353 484
0 253
360 376
831 853
483 936
402 523
0 165
380 486
686 835
194 249
384 552
399 564
506 610
396 475
627 632
430 471
720 787
698 873
79 252
781 794
130 257
916 952
136 169
146 313
748 797
592 655
650 661
402 493
367 391
538 545
946 993
355 565
354 557
67 188
695 726
707 712
803 840
188 272
687 688
628 661
926 946
104 252
78 275
0 63
718 823
926 960
391 539
162 343
573 685
617 685
906 966
769 856
106 169
686 800
500 546
433 510
971 984
98 252
493 545
483 669
595 635
53 266
56 223
500 560
595 650
122 280
32 137
83 84
650 670
376 546
107 980
412 513
10 285
402 458
487 525
906 925
29 40
21 122
412 548
496 580
469 505
615 640
755 836
374 378
900 919
431 651
322 323
0 103
731 766
97 182
23 237
0 200
559 591
713 813
17 310
497 542
0 276
560 561
765 807
745 747
423 525
0 262
430 569
420 596
53 315
452 506
0 10
348 530
618 666
694 821
636 685
734 760
366 431
363 484
394 566
428 962
455 529
771 806
1 54
520 527
804 889
373 527
438 493
629 630
483 492
370 669
370 548
350 433
517 561
761 848
119 318
277 291
31 84
479 512
409 462
185 297
727 847
122 271
431 484
100 119
348 391
132 158
213 242
787 793
413 465
728 765
436 496
497 567
412 555
141 199
538 561
488 527
39 277
561 567
104 332
601 644
459 563
404 444
483 591
561 580
230 253
67 236
107 978
507 545
828 846
148 224
697 731
450 489
395 495
464 552
373 544
620 630
113 172
364 393
444 570
99 227
239 322
0 67
434 488
718 797
395 515
517 556
600 635
766 820
40 142
431 472
373 513
461 465
810 856
584 596
57 302
27 119
29 247
932 982
774 840
719 830
21 334
417 492
0 137
760 820
896 975
686 808
764 823
397 457
274 341
414 625
363 402
254 266
588 633
620 636
392 412
465 487
520 563
755 845
555 557
260 339
458 555
731 773
40 133
445 520
324 329
686 722
517 553
465 483
100 217
538 566
398 494
616 623
408 556
884 893
360 567
159 281
787 814
151 310
19 214
107 952
376 559
867 872
592 620
119 176
169 322
771 850
170 185
417 538
688 805
397 513
185 290
838 840
363 656
142 271
56 59
423 637
132 134
820 824
709 739
913 968
967 980
261 314
372 410
705 808
360 428
615 659
687 764
616 660
432 513
199 261
153 280
827 842
21 297
444 545
238 324
128 203
695 697
188 304
419 505
363 500
348 355
348 363
492 495
458 497
486 509
388 493
703 797
431 462
512 517
517 637
50 109
397 418
434 496
59 268
366 412
398 484
122 142
632 665
456 495
871 895
417 508
563 594
739 805
829 847
25 276
690 831
133 315
524 614
617 625
361 562
711 828
48 53
449 563
412 442
430 559
109 271
438 503
87 315
67 72
583 615
635 670
856 888
471 475
728 739
56 122
417 483
272 346
376 413
369 516
9 85
431 482
382 403
25 39
424 516
664 666
460 482
517 580
747 770
661 665
686 834
770 799
694 780
0 134
122 272
67 98
627 658
556 652
738 813
446 492
408 412
500 645
362 560
439 563
368 494
31 109
947 999
222 240
637 679
504 563
277 342
618 631
665 670
348 477
514 683
273 328
203 271
363 651
396 519
414 640
423 492
127 309
388 444
414 574
378 500
419 428
81 269
374 517
626 644
40 258
696 842
922 946
353 428
779 823
67 297
686 744
576 600
835 837
402 438
378 465
490 491
543 545
395 461
397 421
204 249
814 842
781 849
584 630
483 497
359 405
261 325
258 272
702 839
80 299
23 230
815 845
277 339
463 489
739 774
747 803
107 963
515 557
728 759
107 924
516 518
703 728
348 438
62 141
113 158
758 787
747 830
128 322
389 505
115 312
170 252
694 784
559 580
376 555
916 947
108 251
438 520
436 465
57 204
688 845
475 531
133 224
414 604
142 252
614 683
755 781
211 272
942 984
143 321
577 599
120 247
400 500
606 963
116 312
745 834
426 504
496 637
422 601
0 202
373 556
413 460
408 440
387 436
372 530
484 500
686 799
106 332
488 559
104 322
375 484
479 493
373 542
94 330
200 276
732 771
697 719
56 212
786 833
483 527
125 169
493 538
419 484
492 513
400 484
9 272
773 815
40 231
126 322
463 483
634 647
458 469
211 222
428 436
927 967
109 169
484 493
573 625
705 807
703 831
370 378
461 653
107 420
394 512
567 683
455 500
104 142
861 863
553 609
463 504
108 184
709 843
694 800
574 663
370 402
40 224
364 564
128 223
9 128
697 753
434 515
503 561
446 483
437 532
152 275
324 332
694 706
236 314
644 680
408 559
40 315
51 237
94 320
658 661
589 684
412 488
686 791
452 497
514 541
524 591
53 54
921 993
400 421
412 432
414 475
452 553
686 771
508 542
852 855
374 591
40 239
355 367
200 252
107 649
23 240
713 726
272 285
400 492
515 559
428 523
686 689
239 325
82 123
425 434
513 525
175 263
580 641
65 297
701 781
414 675
708 830
84 304
389 516
701 713
437 572
579 609
589 597
678 682
747 838
633 680
376 567
141 304
694 724
686 812
109 303
280 322
804 863
361 481
397 531
374 504
705 778
188 323
376 531
373 402
373 431
422 609
553 567
400 515
122 345
781 784
885 887
760 800
959 960
690 784
664 685
705 836
553 566
107 363
23 51
430 553
686 806
724 766
211 271
520 561
414 513
397 458
38 339
67 323
513 614
56 325
414 616
720 793
8 201
394 620
21 281
428 563
105 236
566 591
781 783
770 777
718 745
257 304
53 92
709 824
830 849
299 302
170 271
387 561
487 493
370 544
348 534
372 543
21 252
73 331
784 853
387 415
57 277
271 315
824 829
630 653
697 772
398 409
514 580
728 741
479 492
422 657
203 313
799 835
431 483
372 421
412 507
688 834
481 531
121 206
391 559
907 948
483 514
170 315
504 571
50 203
728 856
400 417
567 580
25 297
142 161
376 481
686 696
128 252
440 538
436 669
405 418
0 282
703 880
483 559
724 824
941 954
432 475
815 834
419 503
506 537
513 683
475 496
475 604
136 213
96 190
250 322
354 474
354 463
173 464
88 126
370 553
113 134
25 176
103 172
113 291
457 516
0 23
764 828
933 942
98 313
370 524
200 271
391 490
506 523
82 98
497 503
92 266
107 912
21 55
50 314
483 538
360 402
465 507
731 847
200 203
686 824
697 834
686 762
479 538
428 508
67 277
367 452
695 780
697 726
719 737
238 325
8 259
805 837
378 461
824 840
0 31
577 640
382 555
26 265
776 874
265 311
632 643
40 322
484 517
696 845
694 738
25 331
423 558
119 185
366 559
26 172
0 285
804 856
460 515
143 225
434 523
374 553
132 311
770 824
362 558
373 439
774 823
484 503
670 681
348 498
348 407
391 567
67 265
26 271
965 986
370 469
395 527
446 515
378 495
587 651
475 487
719 731
713 772
107 986
439 461
107 990
370 458
363 517
29 338
921 925
469 516
0 37
361 555
67 261
400 456
252 280
82 271
396 531
136 285
703 827
439 567
355 361
178 231
413 535
858 871
169 257
397 543
688 756
896 981
67 213
419 422
408 520
186 331
412 418
211 268
0 141
395 398
40 325
404 506
388 487
161 277
26 123
525 559
53 249
428 451
142 170
724 786
363 538
7 304
353 417
107 979
239 303
0 136
203 239
714 818
376 489
231 280
374 514
373 565
355 497
239 271
239 338
654 683
544 683
402 566
828 829
104 277
436 513
694 696
353 637
927 947
412 525
720 790
25 290
444 556
541 568
197 251
425 460
450 475
529 539
781 817
20 115
799 813
723 745
357 469
21 40
122 236
605 617
471 537
370 412
897 991
444 500
420 563
109 323
131 143
185 344
231 329
653 678
697 760
357 397
513 544
507 513
82 211
479 527
598 609
698 892
373 395
363 525
433 563
694 795
487 513
203 341
404 537
0 291
24 80
135 320
395 507
609 623
374 559
513 517
67 239
366 483
414 580
348 497
500 514
195 275
109 324
414 610
375 494
428 431
185 280
500 517
348 416
363 559
56 297
80 320
439 445
752 800
20 333
88 164
211 238
745 842
349 434
446 475
67 252
782 829
787 809
388 567
514 570
582 659
505 554
363 367
463 570
142 277
143 177
567 591
348 444
359 481
609 680
725 806
419 440
525 527
9 79
422 636
348 520
436 523
225 278
591 641
119 342
17 19
68 227
376 604
252 272
117 231
13 238
26 212
403 497
709 823
513 645
705 760
525 542
348 452
745 751
118 161
25 336
815 823
686 728
414 642
898 919
621 622
220 262
56 170
0 68
544 563
10 200
705 773
363 606
44 343
84 276
98 122
395 542
373 388
69 105
514 561
348 386
13 342
440 456
412 669
780 819
563 566
686 767
359 422
94 299
787 836
819 823
363 366
461 523
728 797
726 784
418 432
573 622
88 322
152 181
517 544
637 645
716 795
645 669
348 445
391 544
483 917
367 489
118 252
207 322
694 703
693 828
412 565
148 261
932 980
374 515
946 966
576 659
738 829
350 484
408 524
706 752
355 555
380 554
366 438
0 290
526 559
414 607
373 566
444 507
482 507
370 567
107 896
412 676
925 946
348 418
127 139
395 559
397 509
9 122
687 779
44 111
766 815
285 315
348 365
353 544
800 811
395 620
367 422
25 103
934 980
481 539
805 828
218 275
414 593
400 503
395 560
360 460
423 556
100 269
705 758
28 151
395 438
696 834
497 523
2 326
397 541
752 759
686 804
705 737
710 853
142 200
392 514
56 334
348 491
376 586
428 525
778 834
107 970
423 428
348 387
55 67
590 609
348 511
361 530
417 445
41 115
186 239
807 838
123 186
573 653
311 325
439 506
395 436
391 488
400 676
271 280
705 754
705 809
134 142
355 418
243 337
271 332
373 491
588 592
0 151
144 226
199 200
405 428
763 797
26 119
107 566
170 341
919 942
643 681
737 745
722 820
400 404
966 983
54 329
118 199
449 504
0 177
452 557
698 729
420 451
703 823
856 864
348 419
525 526
578 658
436 478
805 807
698 861
410 475
370 666
736 850
630 641
370 566
524 544
381 469
61 193
438 473
409 525
445 493
414 592
391 414
82 252
737 773
391 412
694 827
62 236
612 680
695 853
758 849
426 544
62 98
130 191
133 236
745 853
348 561
53 146
598 619
738 745
395 471
782 833
807 856
745 760
423 444
732 806
265 298
517 527
739 807
391 482
439 525
896 957
56 113
423 567
376 527
0 188
369 378
56 75
80 92
471 553
373 483
404 566
440 508
455 541
131 177
479 545
361 475
14 28
726 780
754 792
713 719
422 620
21 304
636 677
360 553
612 636
200 274
402 515
22 324
553 591
353 388
394 479
9 134
698 819
658 681
376 544
483 520
348 458
421 465
199 203
326 343
414 500
0 241
946 960
128 199
414 654
146 148
483 954
617 648
31 67
25 224
355 460
374 561
703 719
410 568
103 200
784 800
67 136
436 559
103 185
404 431
98 170
142 323
0 17
687 820
517 651
771 791
398 526
302 346
713 782
315 322
431 606
500 601
107 973
380 389
348 408
16 82
457 477
348 488
271 318
431 493
40 332
0 208
24 94
57 92
766 830
68 296
363 527
261 285
589 609
867 877
734 756
486 551
407 433
618 685
636 644
483 976
465 570
130 322
419 431
369 435
451 506
438 444
417 465
355 396
434 563
718 719
707 736
348 493
0 283
695 815
698 830
124 157
754 777
404 409
0 29
861 889
396 450
435 497
88 106
456 484
0 13
373 507
359 555
9 25
348 377
348 378
376 395
213 249
348 429
442 523
752 834
277 294
213 345
392 394
360 387
26 142
429 539
460 566
819 856
481 522
561 669
180 242
705 718
395 479
687 739
414 630
0 243
461 517
765 835
482 497
194 299
486 554
725 771
304 325
353 462
901 903
578 583
203 285
302 330
184 197
713 823
500 683
150 217
375 526
563 634
119 280
874 885
55 203
376 614
0 45
103 323
108 284
687 823
597 609
653 680
465 535
578 635
161 252
693 834
378 580
556 614
694 760
297 324
407 513
653 685
753 819
779 840
189 217
360 415
378 559
118 304
471 524
373 496
810 853
703 805
495 542
359 361
669 671
770 803
67 315
752 842
836 853
348 553
116 144
348 560
768 816
711 738
367 525
236 322
160 260
28 140
698 876
67 79
703 809
373 428
62 200
686 747
917 964
615 628
697 705
142 303
698 868
107 483
433 504
475 483
902 981
708 719
13 261
312 326
589 603
573 680
465 525
60 239
590 612
578 632
119 203
751 784
531 568
712 714
348 549
599 670
25 170
387 400
747 805
748 831
376 461
57 108
747 765
96 323
828 851
98 200
726 745
609 644
0 40
376 587
726 751
187 249
473 535
143 175
246 304
252 332
625 653
768 833
185 285
696 747
118 261
348 539
139 197
783 820
111 279
232 239
213 272
452 566
0 54
1 92
444 513
107 955
731 827
720 809
686 783
412 591
96 274
348 467
817 830
101 302
654 666
546 563
6 95
176 239
375 456
496 641
708 840
26 334
82 331
563 604
457 563
354 403
31 51
178 322
410 557
694 745
823 824
129 291
107 981
188 239
525 567
368 559
531 546
597 684
738 794
452 559
604 606
24 92
446 548
67 170
23 267
411 498
175 177
773 810
350 563
353 394
496 497
224 324
809 817
25 104
492 580
438 523
127 346
702 789
400 512
745 828
370 417
524 567
400 487
291 332
524 565
579 612
107 919
329 332
119 132
742 789
281 284
170 186
0 343
686 710
731 828
397 514
626 657
391 475
200 332
423 430
49 192
409 479
725 839
573 677
414 658
705 803
360 461
732 788
72 141
573 603
573 672
686 745
395 553
122 332
117 285
686 787
510 521
348 382
45 132
626 680
600 681
727 824
397 485
713 827
213 324
108 159
376 492
24 299
226 326
353 936
391 458
7 129
686 814
705 772
412 428
450 500
50 113
136 308
941 969
465 614
500 591
474 531
804 876
368 371
31 168
713 853
698 866
745 810
394 488
16 261
113 148
477 563
722 737
304 341
221 322
9 113
698 880
48 322
439 513
75 322
637 641
925 978
119 229
26 161
363 553
460 514
9 75
474 475
431 512
92 299
823 840
0 82
758 793
315 324
600 650
473 542
167 243
107 989
3 122
158 317
422 497
363 566
431 436
619 684
348 427
150 329
724 826
397 516
80 194
121 165
99 296
595 643
122 213
107 959
362 463
348 524
826 828
387 556
392 506
546 555
422 618
25 113
711 766
212 344
598 684
662 675
56 222
172 212
130 329
172 211
460 506
450 452
49 255
415 460
728 737
455 568
75 170
524 542
376 388
506 604
500 520
455 539
32 337
773 831
177 225
109 122
348 412
414 661
520 567
30 188
419 430
599 665
628 681
747 807
787 827
367 475
373 645
403 489
119 188
784 824
38 248
392 431
441 476
698 881
19 293
4 328
388 548
688 824
40 132
92 101
573 626
320 346
127 320
0 209
355 528
824 830
221 285
0 123
823 880
363 521
747 764
689 789
703 843
127 272
53 88
780 840
161 308
505 551
5 316
374 431
98 141
693 824
398 412
772 856
921 980
414 648
391 491
382 531
438 651
243 312
481 504
828 847
792 838
475 488
573 605
754 835
107 898
439 527
688 752
724 823
107 930
420 524
547 557
531 539
56 252
352 493
19 174
414 624
615 632
68 99
251 284
249 299
941 945
48 126
765 792
456 537
325 342
463 500
465 569
57 184
0 249
308 323
21 203
257 280
378 488
770 772
676 683
367 546
0 121
483 919
686 718
497 561
132 315
398 431
374 535
623 625
355 412
110 264
609 664
807 828
420 484
769 869
460 479
98 239
475 556
374 523
378 452
830 838
412 496
525 566
456 538
416 500
686 802
101 194
409 542
0 129
579 654
56 331
483 601
414 422
404 560
414 514
367 416
475 517
923 961
0 273
387 514
119 208
25 73
355 553
180 266
718 781
397 544
580 930
107 932
734 847
442 475
9 169
436 525
409 517
17 115
59 186
576 615
0 301
0 72
752 829
492 506
370 525
697 842
701 834
828 838
698 810
440 479
199 342
803 880
475 544
382 452
0 28
595 640
373 412
465 484
728 805
693 713
545 558
56 118
374 460
814 853
62 199
714 725
482 484
373 683
686 727
122 239
376 444
40 169
373 669
40 257
98 103
0 148
727 854
170 290
376 610
16 331
80 94
737 843
17 140
376 487
724 814
766 784
686 836
310 337
978 993
686 831
188 297
245 259
25 325
727 846
175 296
729 876
408 431
387 524
402 542
368 374
118 134
696 719
203 268
515 591
136 324
99 131
815 830
21 161
591 637
830 856
809 827
80 300
471 514
350 455
361 376
98 109
687 728
133 322
504 522
579 616
705 719
605 609
397 481
465 538
697 724
771 818
513 514
419 452
567 646
396 500
465 561
273 306
462 487
438 495
762 781
376 465
232 271
107 953
595 661
67 185
687 783
0 84
492 514
95 327
40 213
513 523
113 121
584 660
40 274
119 146
149 343
769 811
0 106
372 547
716 763
369 397
261 268
523 544
9 66
439 538
431 507
483 606
698 719
592 619
574 584
57 80
907 980
407 426
242 346
0 306
759 766
741 820
500 531
705 762
512 538
0 196
748 770
461 606
688 780
713 834
515 548
766 826
308 334
653 664
522 546
599 600
728 774
423 586
408 561
686 732
698 860
777 779
506 514
452 521
0 146
0 248
764 779
515 517
773 774
40 200
432 566
696 830
697 780
113 203
98 113
0 158
373 450
159 184
66 252
475 542
747 793
354 355
170 322
804 878
246 308
415 558
402 570
374 500
107 918
588 685
25 141
0 36
412 560
368 416
574 616
366 651
172 252
713 787
727 848
420 936
26 252
823 835
1 236
376 434
412 436
633 644
643 650
0 111
479 561
412 473
731 752
493 507
395 669
500 506
100 150
0 9
462 536
348 394
696 795
542 606
627 681
475 502
0 164
812 824
513 524
584 618
104 318
754 821
366 430
705 829
113 122
394 400
236 276
600 615
437 499
387 544
404 428
680 684
592 611
9 342
348 461
429 481
596 616
271 290
373 414
655 657
355 515
686 797
374 414
434 591
758 808
123 318
442 563
746 833
9 276
19 41
686 736
0 1
26 122
584 639
686 805
214 289
512 561
460 544
229 334
414 544
139 281
382 470
249 315
376 637
107 641
414 575
694 711
216 243
348 451
419 475
353 493
633 666
118 239
753 861
360 510
617 666
36 184
246 339
21 235
686 845
896 994
170 334
584 678
361 470
72 113
686 833
793 809
627 640
355 500
703 739
374 565
500 555
0 232
694 772
104 169
25 26
791 822
408 465
26 232
698 745
142 280
0 4
134 248
137 289
805 815
94 242
374 520
107 414
107 914
424 554
497 520
618 633
59 203
370 497
56 136
251 320
697 830
374 483
400 566
211 265
726 812
412 683
461 507
400 408
85 272
444 504
460 495
470 519
3 188
592 630
0 183
396 510
389 435
203 211
53 94
87 339
427 549
688 734
21 345
686 758
370 645
640 658
186 325
350 497
396 568
389 949
378 428
422 570
99 225
545 561
118 313
80 180
806 850
348 371
139 284
754 779
739 793
707 746
