1000
436 465
9 26
348 570
630 657
363 976
86 278
514 541
26 113
107 905
19 227
575 664
686 754
161 271
25 65
142 315
330 346
26 200
462 494
0 346
200 203
21 223
693 697
391 539
723 734
573 575
53 248
414 639
430 451
118 222
268 271
636 684
32 167
171 217
366 580
619 644
563 594
766 815
396 546
134 199
669 671
370 419
369 424
713 840
461 475
56 113
404 445
766 800
507 561
942 954
724 773
626 680
361 568
421 455
0 41
417 493
348 351
703 831
446 539
391 614
31 109
53 242
819 838
400 637
218 328
731 781
51 84
925 946
373 669
142 277
242 322
25 199
617 664
376 405
774 784
701 834
402 517
804 863
395 556
566 593
506 606
122 322
829 834
708 828
10 142
544 556
741 827
578 640
348 506
479 545
395 536
460 463
0 259
400 415
434 580
428 609
815 856
609 653
513 606
484 515
695 738
575 685
697 713
752 774
797 808
425 553
40 56
463 570
62 323
115 226
727 849
113 169
395 495
886 889
452 531
573 588
373 408
782 786
75 304
691 833
0 308
175 263
515 654
959 983
272 285
415 460
708 824
410 475
388 465
597 623
400 561
348 354
791 796
354 397
686 742
626 664
419 516
418 463
590 633
422 523
380 509
631 678
203 223
21 123
686 822
105 119
373 497
606 645
0 59
752 853
383 387
414 563
432 545
579 617
404 419
708 797
600 632
705 809
421 545
188 291
921 925
178 303
348 554
686 850
378 502
713 800
428 463
542 559
142 297
713 751
693 824
432 571
625 654
445 495
67 239
116 312
418 555
820 845
487 503
135 281
698 745
348 363
524 525
107 601
391 497
769 798
370 548
372 539
186 223
404 561
810 814
458 510
440 493
107 963
109 271
623 636
119 323
727 770
465 544
626 644
705 824
414 672
500 514
433 455
504 522
2 226
0 102
494 503
391 493
483 596
356 472
733 795
348 472
496 553
0 96
415 545
69 105
616 657
582 600
815 835
107 902
434 566
578 650
636 677
737 824
686 709
56 103
69 121
428 514
916 960
707 767
199 211
373 553
113 342
821 836
236 318
856 861
604 651
353 363
686 808
100 119
9 66
231 232
727 828
527 559
763 803
208 291
747 849
461 591
524 565
512 545
703 759
500 563
480 593
20 111
688 754
376 547
438 524
0 210
452 519
180 194
830 847
752 820
84 313
246 304
698 883
713 766
348 529
793 850
644 680
348 543
686 691
57 108
605 626
559 567
395 483
311 325
793 809
0 248
579 666
178 322
376 482
387 520
324 331
475 484
475 641
500 519
412 460
698 878
144 326
107 363
718 809
107 999
519 531
92 254
139 197
806 822
370 646
432 510
431 512
86 225
418 523
372 547
25 148
559 606
67 109
394 511
428 506
140 144
322 341
719 755
496 591
0 278
502 539
381 509
686 699
40 239
960 998
122 224
363 481
427 563
1 299
0 141
368 404
348 443
412 428
497 500
21 66
186 341
481 519
524 553
734 849
768 822
728 792
822 829
758 783
654 683
513 580
716 797
898 969
477 563
504 510
590 617
520 544
233 256
428 500
277 324
391 548
658 665
348 406
0 15
0 57
366 651
822 850
512 517
500 521
680 684
395 402
119 199
561 591
101 330
414 591
431 538
705 847
349 434
98 276
388 500
705 760
422 455
169 315
354 361
686 824
654 672
53 249
137 214
188 290
664 685
9 295
352 536
745 794
236 271
49 241
107 898
388 507
525 538
379 532
25 83
353 515
545 558
236 257
424 505
9 271
166 198
0 90
137 167
360 442
805 819
374 561
413 445
363 483
0 208
636 685
432 546
732 839
728 741
80 194
297 324
719 726
926 946
404 428
724 778
19 112
616 622
410 547
716 795
773 823
460 497
373 614
366 395
373 587
425 570
561 567
414 638
391 515
637 678
3 85
418 553
517 559
107 566
455 563
507 510
239 313
458 497
705 778
348 475
483 494
774 856
553 669
80 300
446 517
422 460
805 844
350 527
394 614
765 807
556 683
91 201
417 570
149 162
513 553
376 561
431 606
739 758
76 270
25 141
561 651
576 643
222 313
391 412
506 507
475 580
820 830
438 475
514 669
170 274
56 238
503 526
357 369
655 657
916 982
373 641
589 592
378 506
85 274
734 778
665 670
366 513
392 487
687 764
13 261
828 856
792 815
200 248
597 618
745 774
947 978
300 346
745 829
623 684
142 188
553 644
724 805
698 774
232 280
355 553
730 783
402 553
373 395
129 291
442 460
414 674
917 938
146 313
56 122
57 80
471 559
508 563
430 471
252 322
173 427
21 280
726 766
878 889
353 409
578 583
921 995
450 531
559 637
773 834
0 275
370 430
980 993
0 73
872 885
573 626
0 325
378 527
353 412
497 545
772 845
0 332
78 306
368 526
726 820
575 617
62 130
0 68
500 580
420 537
747 837
370 388
636 666
21 304
391 514
773 842
363 482
706 810
55 56
403 452
94 266
559 683
171 904
348 390
414 588
703 843
39 165
57 277
713 746
119 185
538 651
436 475
724 828
419 561
223 315
493 556
428 451
872 873
53 315
687 828
719 853
373 438
583 632
579 620
172 277
758 814
711 784
50 146
573 611
277 304
482 525
514 544
104 188
385 461
414 659
431 556
597 680
56 199
741 763
484 537
98 141
428 460
761 772
370 412
455 531
378 417
242 346
167 337
637 639
53 204
916 966
261 325
705 720
944 977
414 431
834 842
591 669
416 563
162 333
463 507
357 424
370 452
390 450
90 179
507 570
726 760
399 441
762 842
41 226
686 804
412 506
133 224
137 243
747 823
367 555
688 821
738 805
698 885
370 416
348 476
615 665
185 297
475 548
391 483
13 223
516 551
661 670
3 228
483 919
625 684
547 555
784 794
791 806
141 236
9 342
359 475
373 524
713 722
408 514
348 370
348 512
595 681
619 685
538 559
805 837
592 598
778 834
107 948
595 658
355 475
727 848
280 304
374 510
199 313
40 271
398 527
769 856
0 55
172 268
353 496
98 252
149 333
397 554
439 520
109 324
40 317
623 625
0 64
695 853
448 460
605 609
199 212
430 503
354 519
9 199
136 285
392 456
388 445
708 730
414 515
941 954
348 452
694 724
428 515
118 325
348 461
844 848
421 457
738 752
0 86
348 516
122 156
75 323
446 475
474 481
41 343
122 276
208 332
459 563
28 326
29 247
437 462
404 515
403 510
627 635
370 431
218 306
116 226
781 823
0 311
373 439
115 192
367 491
588 633
483 651
578 670
574 579
737 828
589 664
706 731
0 241
494 526
724 734
500 503
696 747
500 513
828 829
824 834
709 835
170 341
125 169
814 827
628 632
452 506
445 535
694 853
423 527
107 912
172 265
373 376
29 338
277 323
697 820
686 782
567 651
696 773
158 248
686 735
115 137
376 417
239 295
697 890
357 516
104 318
36 197
804 876
55 186
10 332
584 637
161 308
926 997
400 428
82 172
719 817
705 759
686 776
107 903
523 544
161 277
143 225
0 119
756 827
414 593
420 439
363 378
588 678
781 829
129 347
355 373
823 835
239 344
348 458
363 506
489 555
438 495
917 965
500 517
363 521
705 807
423 604
23 227
348 386
524 559
165 342
431 436
374 417
487 538
39 119
188 285
170 313
917 992
527 567
353 651
0 307
414 436
348 525
421 444
769 811
402 545
418 475
355 455
694 800
99 177
484 936
824 840
760 829
142 158
107 980
203 322
370 591
395 683
370 540
93 310
589 623
361 475
360 514
371 460
578 632
400 408
789 818
68 175
382 410
697 719
26 122
0 178
705 761
396 422
1 126
67 304
36 251
404 479
662 681
98 304
966 982
687 779
0 205
784 829
497 557
21 142
686 848
694 827
686 725
94 315
460 543
197 309
232 276
428 465
719 724
0 46
67 342
41 312
968 999
378 497
348 375
688 845
185 322
55 203
0 211
603 619
7 22
744 848
438 634
0 201
698 889
760 842
616 639
186 272
792 837
463 519
348 538
21 170
26 280
553 614
805 829
9 315
965 986
248 332
705 849
0 340
402 558
186 285
17 116
370 395
615 643
451 569
19 89
79 272
766 784
108 184
417 444
95 327
713 762
0 63
56 134
739 747
920 921
771 850
348 418
761 805
28 115
544 559
400 559
0 110
400 488
707 736
30 329
475 482
430 484
25 236
579 588
104 277
361 531
355 412
704 848
588 592
824 829
0 166
370 475
376 465
469 554
687 739
397 557
728 805
584 660
348 479
374 544
277 325
348 568
262 312
627 670
781 810
471 475
21 104
438 497
68 296
0 80
774 805
184 197
400 461
430 537
471 507
56 252
496 565
543 558
397 422
414 590
0 128
716 741
422 657
439 458
353 517
29 106
128 203
711 853
747 793
387 444
348 460
577 670
170 342
686 826
826 830
352 375
266 346
48 320
691 746
370 567
353 637
465 580
408 473
400 641
630 666
366 517
143 175
486 551
67 186
762 781
388 444
475 566
394 488
150 163
45 142
212 271
0 40
798 852
728 809
366 475
363 517
561 606
436 525
48 322
397 563
466 529
752 759
396 410
236 272
348 405
213 272
780 815
67 69
110 264
373 517
897 947
196 330
653 685
745 751
415 445
19 115
20 326
25 276
600 628
633 653
142 169
30 303
24 57
180 242
506 544
404 483
21 235
600 658
378 434
748 797
739 840
697 828
436 507
824 847
169 271
697 834
688 696
870 894
79 119
226 343
24 302
48 130
370 506
26 72
686 696
719 848
698 887
9 203
199 203
56 200
413 448
604 606
773 780
616 660
81 269
360 432
755 814
488 513
686 788
348 426
59 342
21 165
56 261
170 304
414 592
144 343
526 968
466 539
348 392
0 196
348 387
504 513
5 156
686 744
507 563
348 498
444 487
137 310
0 52
408 517
544 553
412 431
695 718
119 217
511 525
507 517
388 404
414 461
483 930
378 461
805 807
800 828
360 513
412 436
180 346
26 119
687 807
204 213
0 192
354 481
686 794
776 887
484 493
408 431
98 261
946 952
376 412
445 473
357 486
348 376
686 765
366 483
747 809
25 88
438 604
746 782
724 853
556 676
438 591
350 519
354 452
415 495
463 557
395 520
579 684
426 471
769 869
24 101
745 795
26 308
710 810
414 566
373 496
352 409
26 79
438 669
625 630
140 326
805 880
455 497
98 223
397 444
102 263
373 436
353 641
0 257
574 678
242 249
686 703
373 565
388 412
867 877
370 438
360 495
55 185
517 651
760 830
545 559
377 383
754 848
98 170
373 634
612 678
500 538
438 517
357 397
597 630
446 548
431 515
419 452
419 471
8 264
719 752
101 346
4 328
719 828
697 781
121 315
0 253
348 357
376 471
80 299
363 566
415 465
713 760
469 551
0 143
414 544
686 790
647 681
739 828
204 346
838 856
186 331
504 541
423 559
764 793
98 271
146 285
348 421
25 231
424 551
348 364
480 540
561 683
430 439
579 639
0 125
753 819
806 850
381 419
573 653
26 40
636 678
21 31
686 700
408 511
598 605
686 724
0 5
366 520
600 643
483 637
360 497
224 232
352 398
599 670
820 834
348 424
713 777
375 479
348 442
123 239
348 411
396 555
745 824
703 856
361 500
414 662
0 184
513 542
784 828
354 359
84 237
735 819
366 515
414 483
353 561
404 525
441 501
405 563
417 511
272 304
432 460
339 347
25 331
26 186
393 441
374 438
475 604
694 706
280 297
185 315
86 175
277 334
434 517
280 315
378 495
387 402
932 982
445 542
765 780
373 523
374 475
28 140
348 561
395 574
653 680
567 645
400 456
737 837
492 604
348 425
373 507
777 829
396 450
21 169
508 520
982 983
360 561
354 470
686 736
770 783
767 768
724 781
416 493
513 557
79 200
0 322
172 232
83 84
710 805
373 683
431 514
303 315
430 465
553 559
478 508
56 66
28 310
455 539
366 402
686 828
280 291
414 617
708 830
375 526
0 226
396 568
118 268
392 431
0 45
30 213
355 510
430 497
932 980
971 984
422 561
109 331
626 677
409 515
200 285
606 915
92 204
587 634
763 836
504 546
428 545
797 849
617 666
429 529
431 537
688 772
204 277
471 537
107 989
366 548
697 765
428 432
0 17
41 144
119 271
0 51
107 475
395 620
577 615
732 791
397 485
122 188
392 497
98 109
795 842
39 280
1 133
395 637
517 544
257 315
261 342
538 948
368 536
118 313
38 141
442 544
800 810
616 663
747 815
720 774
48 271
767 839
461 506
465 676
724 738
61 193
428 683
25 277
507 526
915 948
686 814
388 493
492 676
861 863
128 170
726 815
394 436
431 517
792 824
796 806
62 133
514 548
815 847
107 353
45 303
617 677
500 546
433 528
391 580
96 323
731 805
395 430
835 837
363 475
112 174
313 339
360 370
752 810
395 645
741 835
407 490
404 482
213 315
786 833
718 793
359 422
484 913
103 252
404 560
385 483
348 468
373 450
745 813
73 130
372 455
353 606
834 853
239 271
87 213
830 853
348 572
28 226
741 807
0 181
254 346
513 683
400 500
719 823
412 482
436 563
389 505
500 507
422 654
14 116
616 625
387 559
396 510
172 203
803 832
204 329
25 170
461 525
348 566
128 248
65 252
828 834
715 827
373 446
537 545
413 463
378 669
98 199
724 824
694 830
513 525
488 496
492 515
348 441
782 829
759 766
402 465
360 395
686 833
716 763
637 968
427 428
396 475
39 105
122 200
162 312
57 92
465 567
625 644
774 819
423 646
596 653
630 682
315 322
254 299
26 304
122 142
119 171
423 645
263 296
800 827
661 665
25 176
89 219
748 793
462 487
810 847
353 417
127 284
324 329
420 484
392 556
387 465
438 556
764 838
313 314
803 820
40 298
705 828
449 504
119 325
368 378
417 483
700 795
825 856
742 786
107 938
75 200
546 563
370 542
311 344
496 566
360 402
72 291
412 461
348 511
62 122
130 300
461 527
285 315
121 206
374 419
193 259
363 373
357 419
708 811
810 815
369 518
378 484
375 408
376 395
492 542
632 662
132 242
819 827
432 557
409 412
109 252
942 969
425 456
180 187
773 829
599 615
815 845
420 936
727 766
428 508
544 545
88 236
41 310
484 567
432 555
170 203
500 591
20 162
439 527
29 172
513 637
460 506
394 400
573 619
108 159
388 513
543 545
686 800
57 249
577 643
65 261
130 213
701 726
200 280
412 591
79 185
395 428
94 194
71 230
92 194
376 400
432 525
117 280
248 277
706 847
414 576
236 322
547 557
779 838
687 780
373 580
21 108
361 474
436 527
556 563
5 315
348 449
0 276
586 634
430 469
412 538
611 625
107 538
784 826
373 492
705 823
420 471
101 317
149 312
804 882
134 277
22 277
30 331
0 47
573 630
119 280
26 141
280 329
131 177
354 458
398 493
612 680
711 727
456 553
414 679
828 846
496 506
615 661
414 682
443 453
514 561
364 393
579 605
403 546
395 479
398 497
203 304
199 252
175 278
475 525
355 515
285 303
348 499
395 538
514 559
957 975
772 781
686 761
739 823
628 661
370 423
428 542
251 320
9 200
0 142
395 408
60 285
211 261
199 238
828 842
686 710
40 133
0 168
0 294
694 847
824 848
376 419
772 856
728 856
388 567
348 526
719 842
504 548
405 478
787 827
423 517
470 507
592 664
109 158
678 685
752 781
483 544
695 719
128 223
67 141
694 812
348 356
3 67
7 347
428 567
408 512
231 239
620 636
507 513
723 766
456 520
465 511
762 827
576 615
402 524
697 830
414 671
566 567
368 553
482 553
348 359
788 806
755 836
500 542
389 435
579 590
807 843
172 298
362 412
94 187
745 758
506 524
553 558
376 511
422 449
133 232
407 513
730 764
423 436
500 520
577 662
67 119
415 558
739 805
381 389
701 724
348 379
439 477
431 440
614 645
514 525
713 780
363 656
482 517
142 252
89 319
582 599
213 345
664 666
25 84
363 487
365 513
107 995
686 784
665 675
573 654
444 504
261 314
609 623
496 637
583 635
773 847
618 653
800 845
686 687
737 843
421 500
160 260
395 591
458 490
422 604
592 597
17 19
429 481
288 315
26 265
359 470
475 531
703 748
592 677
72 271
376 520
764 823
238 324
5 87
632 658
804 849
769 800
359 562
686 730
787 797
612 617
748 787
688 815
361 376
212 295
793 797
0 254
261 345
588 653
657 682
856 863
698 800
381 424
414 665
54 329
0 266
483 954
963 992
169 318
618 666
784 795
588 618
800 842
350 531
425 460
567 683
124 170
484 511
122 203
787 793
694 824
107 973
46 175
109 169
736 782
355 470
434 492
378 483
254 266
513 559
304 308
582 627
708 753
721 736
587 651
366 555
573 603
930 962
456 563
95 147
475 502
333 343
21 121
159 272
9 122
0 182
92 94
412 430
0 277
0 99
764 787
719 819
415 463
769 774
389 459
402 495
728 754
686 755
56 290
694 845
394 503
802 818
630 641
595 670
686 747
442 563
496 523
313 325
211 331
72 272
79 188
450 452
361 530
354 450
575 592
412 549
728 819
506 527
106 332
879 894
13 118
369 486
391 559
450 497
376 391
200 271
589 617
445 556
436 606
404 512
548 556
187 242
476 501
188 274
400 414
415 520
9 329
119 208
686 704
13 148
596 630
634 646
696 774
159 284
367 422
686 759
481 531
203 261
475 545
706 805
0 187
688 840
513 634
1 48
927 980
497 515
436 651
686 728
378 544
17 144
696 845
483 567
422 680
446 515
591 634
203 331
455 541
686 780
643 658
387 523
50 334
696 853
953 993
725 839
121 169
261 318
870 895
376 527
517 905
697 772
374 391
482 484
577 647
654 664
107 171
374 545
544 683
373 387
863 889
713 734
0 103
898 971
0 298
627 665
348 474
460 566
348 497
783 787
249 315
724 786
55 123
659 665
515 525
368 416
21 212
408 488
109 332
388 548
867 873
14 115
946 966
348 447
184 272
135 284
627 659
696 842
348 404
376 487
590 680
793 836
718 748
739 807
423 525
439 566
708 719
686 745
431 536
404 511
0 324
382 531
101 299
712 789
636 644
299 300
780 835
394 513
363 493
391 524
2 333
473 479
146 339
697 815
446 482
730 803
122 272
750 770
720 745
365 556
353 430
460 523
436 497
881 895
731 784
719 787
428 492
170 176
10 67
440 456
204 302
353 431
348 528
0 245
444 523
595 659
824 843
686 783
511 517
284 309
20 343
719 840
353 394
389 419
410 500
696 830
903 992
800 805
925 978
414 623
29 231
24 249
137 312
248 323
395 506
352 394
492 651
483 535
348 352
107 915
873 874
402 493
388 450
186 221
21 161
376 446
119 125
103 211
725 806
714 767
773 831
375 456
78 328
643 681
395 456
213 246
452 465
524 637
21 342
414 601
717 855
175 277
56 223
56 331
461 561
107 984
395 604
724 760
53 302
475 500
754 777
422 630
0 98
718 764
13 325
629 641
195 306
16 172
596 663
55 67
779 823
730 797
759 828
504 506
599 632
94 249
470 531
412 676
122 235
409 456
651 905
781 809
583 600
658 681
697 748
967 993
574 631
378 488
575 589
428 473
752 784
414 652
483 497
285 345
434 515
756 847
26 109
48 203
954 971
617 626
428 517
458 545
86 177
475 567
0 158
25 336
754 828
98 200
359 367
133 188
370 553
423 561
355 519
98 265
26 188
497 523
85 170
277 280
308 334
56 185
85 272
536 545
366 482
430 561
271 290
429 522
113 186
538 637
488 553
475 523
852 855
540 559
747 763
422 619
493 545
622 663
609 664
492 497
475 561
82 199
31 129
679 682
211 222
391 488
686 806
374 431
351 564
118 252
917 919
686 787
82 222
686 758
417 438
252 324
902 981
348 412
796 822
720 730
429 539
927 967
760 794
380 457
686 702
9 285
726 781
285 332
353 370
0 72
238 271
484 506
370 402
432 438
348 422
67 277
82 169
676 683
123 261
66 122
805 831
797 827
819 823
407 543
348 550
599 681
419 540
370 397
348 553
350 504
309 320
483 580
322 345
741 836
459 551
633 644
615 635
686 839
702 839
908 950
738 829
142 285
741 820
378 651
395 567
577 600
236 280
496 507
361 489
462 512
597 653
703 845
483 604
158 322
504 543
589 684
695 713
718 719
223 313
513 566
430 559
578 665
686 827
713 845
578 582
734 842
231 329
449 507
824 838
14 28
726 751
823 840
419 456
118 161
0 344
814 828
370 456
696 778
348 490
705 829
417 537
396 489
503 538
510 563
200 325
381 554
514 537
455 504
348 437
391 500
636 653
0 92
509 516
748 779
866 895
360 510
67 161
0 229
348 435
695 734
277 342
686 748
2 149
475 490
703 807
0 282
465 559
687 688
122 323
417 503
107 994
366 408
0 11
133 271
271 304
727 824
445 463
174 293
713 747
25 119
774 810
0 25
107 348
363 544
368 374
531 570
542 683
136 324
736 818
53 332
764 827
0 220
416 483
0 258
395 560
605 678
544 645
783 809
387 544
694 713
98 148
781 830
704 770
465 566
597 684
408 524
492 591
625 653
348 434
370 465
686 797
479 484
25 105
13 67
395 438
376 475
686 743
640 647
348 393
118 203
503 567
142 203
745 773
711 724
765 856
747 820
414 622
747 769
797 820
703 781
774 800
876 889
350 484
458 475
40 231
398 494
694 781
636 680
426 563
212 304
484 503
0 1
774 820
688 713
452 557
708 713
297 323
21 186
25 283
29 40
486 554
104 271
629 630
55 170
352 492
604 671
745 845
721 848
415 563
497 525
407 455
213 224
747 780
483 669
119 248
818 839
605 619
414 620
747 753
280 290
198 399
109 239
45 221
63 261
363 561
26 212
415 428
374 520
139 251
653 666
698 719
197 329
412 614
239 252
754 821
718 815
148 272
475 559
158 304
389 497
575 612
79 252
370 387
620 666
767 796
434 559
69 236
436 484
13 172
779 807
444 500
630 663
743 782
686 781
365 408
695 815
194 346
517 606
404 431
94 320
553 666
734 847
214 343
320 329
67 72
782 804
106 231
713 778
395 423
122 315
747 792
185 344
475 513
815 828
677 684
757 775
722 737
389 554
285 304
68 225
599 635
871 879
600 650
185 280
436 566
902 957
770 845
596 604
483 942
438 606
109 323
359 455
107 899
768 839
834 847
696 828
372 460
0 139
170 323
441 476
698 890
473 483
66 113
170 334
19 293
51 237
770 799
828 837
376 394
302 330
444 503
57 242
412 452
635 681
224 271
747 770
273 275
173 202
62 276
793 817
428 513
747 764
276 322
63 313
518 554
239 338
363 419
522 539
17 326
428 438
0 23
392 553
398 488
0 303
148 339
368 517
973 990
438 514
142 200
492 503
425 520
451 465
457 554
167 243
513 517
513 537
395 471
916 972
419 431
137 326
513 669
517 936
172 342
376 570
592 684
130 191
25 280
917 954
130 329
25 73
479 561
751 828
637 936
387 517
702 732
722 738
705 853
82 211
414 595
475 488
695 724
0 49
391 484
500 637
355 497
389 469
800 851
578 681
457 551
119 189
186 188
697 777
0 36
194 302
461 567
3 170
434 506
483 513
185 200
314 342
26 232
397 481
353 513
353 482
0 331
444 544
408 479
73 126
390 475
780 792
211 325
150 324
731 828
211 313
360 555
412 523
465 542
423 431
511 512
739 780
366 936
194 266
452 546
376 515
291 332
25 257
745 805
0 144
152 275
434 563
456 462
417 456
686 779
28 144
559 591
584 678
72 199
378 561
528 543
523 563
391 438
947 999
713 823
200 332
1 73
460 515
403 547
705 722
186 271
115 149
412 580
431 487
516 563
603 677
118 261
856 878
582 662
67 156
579 677
272 280
436 669
68 227
360 461
402 567
764 828
348 410
578 595
697 727
408 439
13 211
363 461
703 730
534 563
348 409
238 239
430 553
414 434
13 98
0 236
188 315
395 463
25 122
414 684
789 806
837 840
686 705
357 509
686 733
462 536
847 853
795 813
22 168
830 846
422 636
30 200
107 904
724 745
107 939
644 654
26 161
526 606
212 252
252 271
694 703
409 536
483 496
404 484
370 417
285 313
474 489
25 67
373 559
414 664
109 186
141 258
367 481
133 183
740 831
697 805
0 160
348 555
810 827
819 834
438 456
650 665
705 814
144 151
0 198
456 517
713 748
26 334
156 235
374 517
694 752
100 150
554 563
26 252
695 706
713 813
95 319
465 604
614 683
122 345
367 412
257 322
452 463
417 460
25 31
0 250
376 463
439 538
25 239
53 92
705 762
909 955
412 609
481 489
810 853
147 219
915 962
141 172
792 805
896 988
711 828
579 685
362 495
392 423
766 810
901 992
370 374
465 683
353 524
754 824
107 941
829 842
178 213
708 724
742 829
50 109
512 561
745 842
0 301
130 322
33 42
461 520
507 544
409 462
407 528
796 829
429 466
107 926
452 500
455 568
493 538
180 204
439 445
419 492
368 500
103 339
419 503
376 402
578 643
175 177
107 927
418 544
463 517
434 497
925 999
688 727
601 976
113 277
819 856
409 561
686 764
469 486
21 315
713 844
100 163
0 232
107 975
705 834
455 569
823 880
67 169
398 404
658 670
479 538
370 461
617 620
938 992
458 514
9 322
686 713
0 31
579 653
194 204
395 422
747 800
113 291
488 517
475 553
742 768
414 616
792 835
414 641
426 531
271 280
434 490
87 136
363 553
248 252
348 507
31 252
113 142
9 232
698 873
466 522
917 969
591 637
415 556
687 838
946 993
9 134
777 824
368 409
415 421
728 787
807 823
828 844
0 22
412 544
720 755
876 882
422 592
583 640
484 559
428 558
697 724
513 651
872 887
705 780
591 604
654 685
425 427
178 231
504 562
714 732
164 285
122 297
579 630
348 518
415 535
275 328
374 461
398 538
56 342
78 195
417 507
497 566
695 778
712 742
694 737
686 835
456 512
496 517
600 665
26 298
694 705
450 548
506 520
696 823
107 977
414 558
686 756
362 542
463 531
481 555
800 811
392 503
385 436
408 526
376 502
542 561
92 180
66 142
695 760
348 448
634 651
173 464
805 838
67 196
387 395
26 62
544 676
376 461
698 866
779 792
780 823
0 285
403 489
25 98
439 487
67 223
707 712
0 140
211 271
39 161
369 389
503 556
297 322
60 313
64 189
25 285
483 641
738 774
59 261
422 678
56 207
56 141
755 787
131 143
695 824
579 616
0 231
691 782
523 545
169 280
239 272
204 242
323 341
503 517
116 162
398 545
376 410
706 719
108 281
640 661
3 274
414 599
446 487
376 414
631 639
348 483
718 758
758 836
67 324
483 526
713 752
24 242
370 483
428 676
419 430
778 844
277 315
705 758
713 794
506 561
417 495
366 434
120 277
199 261
5 122
387 417
827 842
724 848
686 689
412 492
492 514
63 271
56 265
473 495
698 871
866 881
322 323
231 315
686 786
98 113
133 276
324 340
445 460
597 625
686 773
412 473
414 675
703 809
348 451
227 278
172 252
32 337
0 162
688 739
299 302
483 557
107 971
348 395
517 553
32 137
761 800
382 500
159 345
713 828
315 345
360 567
462 517
7 308
373 414
203 285
517 561
107 942
48 57
483 566
500 557
500 601
758 781
396 470
64 217
257 258
617 619
718 817
362 415
353 404
348 496
271 297
428 461
231 280
619 636
363 385
25 232
369 469
728 737
323 332
162 343
106 238
403 497
456 566
369 554
712 839
80 242
392 412
442 523
31 168
418 557
60 322
198 476
418 506
440 484
726 778
724 820
426 525
104 186
397 544
348 508
395 512
500 548
862 868
815 837
456 545
395 507
373 421
615 658
107 922
606 669
395 398
111 279
355 546
698 708
227 296
458 555
559 561
56 213
13 271
686 692
582 583
686 798
123 318
3 9
537 569
726 828
694 798
479 513
422 620
135 320
598 618
23 51
705 726
686 801
394 520
419 422
771 791
50 331
0 180
397 506
416 569
583 647
30 178
147 319
0 193
437 463
265 342
698 828
701 780
559 651
391 458
461 517
17 137
397 513
395 488
493 526
365 520
504 547
635 662
0 108
758 787
592 678
412 418
423 558
299 346
139 184
67 118
53 330
388 559
653 672
98 122
107 919
398 526
456 503
404 496
392 473
391 487
142 186
705 748
492 614
504 528
510 533
98 291
686 847
188 280
67 303
382 470
98 203
41 337
63 342
484 514
238 261
56 232
711 847
797 809
167 310
113 165
577 632
703 880
238 265
755 758
494 536
373 417
0 111
780 805
40 272
227 263
576 658
414 621
484 544
127 139
376 423
320 346
391 446
378 426
82 231
423 492
531 547
407 458
352 494
573 664
249 302
181 195
408 561
373 502
417 520
423 651
13 277
0 79
705 741
414 614
26 322
579 644
815 823
471 553
618 636
437 572
7 103
719 766
370 497
531 568
709 843
82 252
645 651
726 731
734 829
420 566
239 325
98 239
863 886
378 452
387 513
703 823
67 308
766 820
473 535
168 291
107 952
719 824
446 492
515 527
348 440
430 514
695 830
397 516
0 138
403 470
400 537
856 869
129 339
497 561
107 420
512 513
981 988
355 361
372 429
366 412
596 639
224 261
108 197
726 773
269 329
362 373
0 85
738 795
105 277
529 539
615 681
437 453
686 823
506 563
348 446
348 473
107 897
248 291
376 489
373 545
768 833
0 42
712 822
698 805
734 853
834 844
526 637
0 14
720 803
497 565
496 497
5 316
697 819
134 238
55 200
395 614
723 830
686 817
581 642
56 82
435 518
56 297
50 277
363 669
391 512
239 304
104 295
752 829
0 24
698 729
455 553
455 522
520 545
520 561
475 544
616 623
753 861
349 508
361 396
360 415
211 342
348 377
107 960
69 304
142 236
405 418
635 675
363 497
418 514
975 988
373 548
573 677
261 313
686 838
56 128
348 397
724 827
246 315
414 567
348 530
421 493
159 281
400 542
456 524
577 659
45 200
705 764
741 770
475 651
582 595
719 781
597 654
787 803
348 430
867 885
7 87
559 669
25 69
395 544
134 203
387 461
491 502
416 494
353 520
603 644
62 142
370 669
98 315
896 981
461 590
416 557
583 661
422 481
500 525
431 669
425 434
389 551
423 683
31 280
475 542
0 179
423 465
407 426
422 609
373 542
386 401
9 79
688 777
705 835
252 315
402 500
40 304
423 591
452 553
637 669
362 558
748 758
515 557
62 199
194 249
782 813
497 538
471 524
353 460
754 773
705 808
620 654
500 566
500 560
586 587
426 524
348 399
728 843
375 404
0 135
465 473
178 206
50 119
0 124
705 819
25 323
907 948
107 914
67 334
573 609
53 322
281 284
91 110
127 281
573 589
745 815
590 591
559 614
677 682
686 789
199 232
376 531
143 177
9 67
753 890
713 736
387 503
107 965
582 640
58 171
62 224
378 431
101 187
604 645
780 834
122 261
465 556
711 722
698 869
250 322
91 193
696 824
0 336
404 487
677 680
170 211
733 768
718 747
589 636
25 94
19 343
517 537
754 823
408 445
714 839
195 218
580 930
92 346
719 720
524 590
573 685
686 846
484 525
0 247
20 44
1 346
165 334
376 473
573 636
374 567
619 633
54 313
829 847
622 625
40 200
578 661
653 678
725 732
529 531
416 465
729 886
424 518
7 339
705 773
768 816
526 538
119 342
618 633
407 533
184 251
416 417
186 199
374 402
25 56
67 322
40 329
228 283
484 497
355 489
170 271
431 525
414 634
431 511
739 793
686 753
6 319
517 527
372 568
698 865
92 302
271 342
595 650
630 685
62 239
475 547
272 329
739 819
353 540
170 277
501 564
515 580
9 128
334 339
130 204
702 714
370 604
119 285
689 771
856 889
397 514
432 527
72 329
172 304
719 834
98 313
350 407
442 531
172 329
357 469
376 519
545 561
403 519
592 685
615 670
175 321
941 942
146 317
212 239
438 559
26 297
373 514
693 844
0 286
698 895
449 563
779 835
134 252
734 756
492 553
490 502
9 113
687 765
389 516
0 264
514 569
348 471
404 536
718 730
84 304
513 601
633 666
0 200
113 122
960 982
373 434
141 280
517 976
731 847
482 483
694 810
451 506
473 542
389 509
0 235
772 814
640 659
753 769
132 277
308 323
495 544
484 606
373 378
824 844
752 800
697 818
747 838
196 249
82 84
748 764
417 542
355 463
350 497
0 6
694 766
100 189
747 803
654 684
109 118
72 165
434 488
312 343
0 279
0 30
299 330
391 637
740 770
5 180
747 758
113 304
252 345
3 72
492 544
355 500
242 302
773 828
592 618
348 488
470 519
82 318
353 566
414 573
734 760
475 507
705 805
763 849
102 175
612 654
513 591
972 983
758 849
5 158
62 96
376 538
591 645
728 774
348 427
96 314
67 297
126 260
348 546
486 505
24 299
131 225
748 849
542 580
492 506
236 315
436 511
475 546
687 728
119 163
0 113
517 538
107 986
397 570
359 403
577 582
56 211
0 12
0 26
134 334
416 419
376 496
412 529
152 181
917 944
404 556
615 628
460 492
412 422
694 711
771 806
463 542
62 236
819 840
259 264
348 362
170 252
416 432
130 277
630 655
85 322
352 538
41 111
582 650
113 121
0 225
422 653
246 339
450 475
378 566
107 920
107 947
589 622
413 415
376 506
456 561
230 253
0 300
373 515
698 892
348 389
604 676
474 546
199 231
0 174
242 299
694 695
603 654
0 126
357 505
960 997
933 942
483 537
0 58
414 561
40 72
768 786
628 647
13 65
566 968
257 304
122 285
496 515
103 185
716 849
0 27
599 650
896 989
187 299
123 142
374 521
696 805
450 474
697 848
740 817
483 520
236 276
766 828
727 853
136 315
0 334
414 670
578 675
417 544
197 284
618 631
349 478
688 752
556 673
579 611
510 553
698 884
414 678
573 623
0 29
53 346
414 581
355 548
455 500
350 369
924 954
497 560
50 203
531 546
452 510
21 345
25 113
754 805
713 784
121 165
208 285
583 662
188 252
474 548
709 823
188 239
94 242
354 497
354 547
38 339
13 342
703 797
428 524
142 322
423 586
107 988
0 34
719 805
366 431
605 630
475 483
471 566
53 180
161 322
0 327
0 131
158 168
764 817
597 644
374 418
630 664
246 340
361 519
370 432
0 122
366 539
107 969
53 146
482 506
40 142
475 491
417 428
392 542
141 276
23 237
40 67
31 122
7 304
353 471
99 143
827 830
727 752
601 629
103 285
107 649
595 615
641 915
236 252
373 546
360 558
592 630
416 537
104 239
524 544
414 667
104 303
459 516
31 308
348 384
481 547
444 531
701 760
387 412
503 513
514 517
763 770
626 657
705 810
119 132
747 805
363 565
767 822
504 531
397 458
374 432
774 840
21 55
378 482
553 567
872 874
408 438
361 470
797 831
322 339
479 527
378 641
828 853
363 388
395 461
231 332
203 277
713 774
36 309
719 815
67 170
53 266
686 707
0 221
687 703
374 535
765 823
374 412
101 204
396 570
107 982
451 514
0 74
444 517
805 840
745 799
952 967
106 329
416 497
771 802
352 408
489 557
348 537
374 376
705 831
0 43
373 606
726 823
96 190
199 200
436 634
55 252
819 835
408 409
220 262
378 517
150 217
24 80
29 203
373 520
810 823
423 428
355 460
348 456
203 324
503 566
635 643
0 157
94 330
687 856
0 123
617 685
414 475
698 753
457 505
370 563
348 433
776 867
40 334
438 683
397 432
119 252
444 520
304 332
0 328
376 545
729 861
363 606
738 784
366 606
694 823
107 580
483 559
804 861
694 710
113 132
88 322
726 821
800 853
514 527
422 570
348 527
434 475
387 408
520 524
366 538
645 671
482 496
429 531
512 536
686 718
418 504
719 849
122 170
537 566
211 272
500 531
514 570
394 601
111 312
436 683
136 304
409 431
526 559
258 323
577 681
484 953
736 833
711 752
694 828
738 813
257 272
56 75
705 706
578 635
506 508
26 323
127 159
494 497
367 452
698 776
370 566
116 326
780 828
3 188
561 604
0 13
0 35
705 745
0 227
9 304
403 515
414 656
370 555
787 808
933 971
252 277
705 799
582 632
713 817
0 151
0 270
404 526
709 805
211 304
359 531
355 418
363 455
603 623
373 566
686 767
0 130
0 209
781 849
355 410
107 641
238 325
449 543
428 436
31 338
249 330
107 958
107 954
493 557
739 764
363 444
376 587
421 487
400 444
414 635
720 764
461 507
698 811
2 312
815 819
693 713
214 230
142 308
437 467
397 523
439 444
456 493
350 426
388 557
423 473
583 650
4 218
620 672
65 82
609 626
553 645
398 430
698 864
878 888
705 754
778 830
779 840
922 991
198 351
451 544
588 654
56 98
169 291
56 119
391 563
392 394
414 585
73 299
232 239
19 138
348 545
438 506
694 772
924 940
722 784
475 555
48 299
461 559
716 820
66 334
513 563
419 469
820 831
67 344
366 542
627 681
720 809
187 254
284 329
359 481
414 580
432 514
771 818
357 389
394 559
747 810
804 856
376 553
542 553
359 452
838 840
822 839
387 400
761 848
224 322
517 524
484 513
0 272
369 509
426 455
373 400
391 417
372 422
690 820
688 830
578 662
374 563
739 757
357 518
0 148
89 95
597 603
503 511
515 559
661 675
170 268
687 730
688 819
404 494
804 888
414 597
360 506
355 452
119 313
424 554
455 546
706 745
456 494
408 440
805 843
66 239
98 258
864 893
370 523
402 460
122 176
56 136
861 889
515 641
432 504
9 280
387 514
503 559
781 824
252 261
348 534
373 471
373 637
415 542
185 285
815 838
348 495
544 557
169 322
176 271
559 604
463 547
718 770
355 565
370 460
16 331
66 67
483 591
786 829
277 285
708 774
214 289
373 431
0 237
414 586
603 612
20 41
348 539
25 224
107 968
312 326
132 303
181 306
122 236
697 708
422 593
394 512
374 420
766 823
917 933
709 754
400 676
366 446
428 482
811 890
80 346
56 323
811 856
0 104
376 452
444 570
465 517
760 781
504 521
348 571
432 444
450 481
392 492
688 780
21 297
531 563
686 726
845 849
583 658
812 824
392 506
414 630
524 683
803 840
787 823
621 663
402 513
541 568
348 398
8 245
492 560
195 273
82 123
13 332
713 787
128 322
431 479
87 291
737 815
412 548
169 236
64 119
115 262
584 631
727 846
488 559
715 842
19 289
409 492
709 777
302 315
484 580
9 156
697 769
599 675
630 631
461 606
628 662
0 199
460 508
98 238
696 829
348 470
261 265
67 212
698 703
953 995
395 425
405 513
910 912
600 681
122 128
724 731
113 148
457 509
362 570
30 73
525 548
122 332
573 672
819 830
436 483
402 515
56 169
414 613
780 830
474 557
0 33
592 636
159 197
398 559
461 523
161 252
713 742
196 266
272 291
719 762
686 719
56 60
708 755
431 483
402 444
348 360
402 451
412 487
0 95
414 556
376 460
730 747
116 144
0 186
414 681
438 596
412 484
368 527
695 751
783 793
710 711
366 497
452 566
363 367
639 678
56 109
583 670
106 169
428 497
281 320
432 456
375 493
376 610
504 544
932 995
16 82
107 911
366 524
810 856
512 526
606 614
111 343
494 537
354 382
432 475
803 837
118 283
711 738
497 555
712 767
723 727
730 849
898 919
603 605
77 117
137 289
511 536
724 814
783 827
471 563
643 665
507 523
715 834
21 251
830 838
348 455
734 785
366 484
817 819
374 525
55 122
122 251
373 591
67 79
824 827
643 650
772 800
440 525
101 194
0 288
747 752
745 820
400 517
376 513
402 566
0 207
438 465
609 612
507 556
745 828
103 172
857 865
244 282
461 548
22 308
348 563
465 487
686 829
374 526
807 819
506 525
376 523
359 376
414 423
348 414
40 315
465 535
672 678
810 842
391 414
925 993
45 104
686 796
20 149
212 298
483 553
107 563
252 304
148 261
366 514
417 465
830 840
13 21
914 915
430 432
419 488
706 784
595 661
363 409
582 675
618 679
414 660
765 779
698 798
463 524
5 235
232 271
9 148
87 339
96 133
363 591
67 265
408 430
600 662
374 430
173 549
479 536
686 701
460 535
414 428
156 258
432 483
186 252
414 663
439 525
784 842
647 670
200 223
367 378
363 542
211 239
452 475
44 312
213 239
273 306
89 327
878 886
686 813
402 506
261 297
53 88
492 669
370 414
172 308
273 328
573 618
820 823
493 525
525 567
820 848
414 513
378 513
439 523
789 833
21 40
169 277
128 186
747 773
686 732
115 326
470 547
53 299
460 547
425 439
475 514
432 559
0 65
107 932
563 645
921 993
203 308
720 808
142 323
781 827
368 479
463 500
26 257
700 794
484 536
456 567
132 315
947 993
576 659
420 465
538 560
353 544
578 615
884 893
470 555
272 297
373 374
455 506
858 895
698 875
122 304
348 514
428 601
19 214
143 321
428 526
728 824
465 537
444 545
387 428
348 371
696 834
805 827
156 272
348 462
747 783
374 500
492 538
201 259
688 694
8 259
514 580
444 507
393 399
0 335
760 800
745 755
376 431
128 169
731 810
414 618
436 561
445 492
662 675
503 542
695 697
398 445
579 603
348 522
14 20
105 272
431 614
578 659
754 840
376 542
1 236
362 463
414 669
414 668
795 820
556 614
460 517
423 475
728 783
391 553
98 104
30 48
439 471
882 889
622 623
56 341
421 504
414 583
348 513
596 618
825 889
245 259
900 919
396 481
773 821
408 536
921 967
414 506
107 428
866 879
93 167
695 784
579 680
67 75
946 967
398 462
590 612
111 214
348 504
284 320
213 242
923 961
198 393
770 849
719 764
44 343
863 882
9 334
756 805
318 334
488 527
363 559
25 40
578 647
777 779
59 211
13 109
50 314
793 849
348 536
579 654
732 822
376 580
463 483
438 645
695 766
168 347
431 438
698 888
469 518
416 430
266 330
400 538
472 533
400 417
122 325
686 803
732 771
579 626
0 239
866 894
492 561
626 630
487 525
109 297
500 565
719 745
440 479
870 881
128 211
523 570
713 773
706 815
517 637
436 580
916 952
605 617
373 590
0 304
348 400
414 646
438 461
394 538
462 538
56 221
566 637
75 272
575 654
616 621
363 484
745 814
116 140
612 664
728 803
423 637
694 848
621 622
109 119
107 993
25 186
40 203
389 457
239 322
391 460
615 659
417 479
21 26
515 620
418 497
703 824
456 511
122 161
824 830
460 521
55 261
722 745
686 830
493 517
781 787
0 67
493 536
363 527
376 673
858 870
9 170
363 402
397 457
13 56
780 840
100 269
414 579
378 496
376 604
376 676
460 475
726 752
426 510
9 323
606 905
598 680
348 438
707 714
373 528
360 523
412 503
422 596
403 553
419 484
856 882
104 212
819 848
26 236
461 463
27 329
402 438
387 570
133 322
173 414
760 827
445 520
59 186
348 521
714 789
412 494
176 290
161 339
366 373
662 670
781 836
26 104
439 473
805 823
242 330
88 126
56 239
686 774
30 56
362 371
224 324
188 297
223 325
697 698
739 792
513 523
595 643
354 403
131 227
104 252
0 109
3 280
510 521
428 559
428 651
542 606
719 756
366 430
418 481
376 556
477 554
510 513
376 651
107 997
224 236
695 754
627 632
689 702
419 493
0 297
139 281
471 514
144 149
427 496
651 936
563 567
51 83
122 342
827 828
794 842
466 481
511 538
438 520
713 819
686 836
0 62
752 834
687 797
584 639
483 984
473 561
213 303
491 548
615 647
395 419
414 602
59 203
399 564
583 675
719 734
0 116
363 936
433 504
573 625
697 842
457 486
374 559
718 781
304 325
728 765
188 258
916 925
9 291
436 506
709 739
14 151
395 413
687 759
825 884
400 487
531 555
53 196
687 820
412 555
412 500
376 614
7 213
107 950
726 805
348 531
715 814
783 817
503 560
0 345
75 188
686 760
438 614
23 175
556 559
792 828
395 511
719 731
236 297
489 531
483 524
942 971
525 559
635 659
693 734
408 538
628 681
213 291
596 609
500 683
579 621
465 561
544 604
688 695
697 705
544 669
500 651
239 285
419 565
196 346
440 538
395 630
348 417
412 507
13 236
107 945
118 331
0 48
439 500
514 520
374 515
726 853
180 302
409 521
403 458
697 721
187 266
246 322
188 208
732 818
477 516
465 493
353 567
80 204
213 308
436 496
395 451
348 540
249 304
213 340
21 200
520 523
686 762
372 558
107 921
784 800
26 67
594 667
432 455
588 619
376 559
408 444
629 637
252 285
791 822
728 781
0 82
392 404
113 285
82 203
172 332
376 497
517 520
348 523
67 113
348 533
0 171
514 524
475 489
352 484
698 872
764 779
405 568
694 727
348 547
374 514
417 553
387 506
708 800
82 148
497 527
348 416
77 294
397 483
232 298
495 542
641 962
420 556
395 537
0 190
197 281
419 513
654 680
579 597
