1000
348 418
524 559
0 236
431 512
728 856
781 784
196 204
21 109
598 625
404 493
0 260
444 504
412 430
404 515
513 523
376 506
486 509
532 572
277 324
92 101
497 515
698 713
361 463
408 473
224 261
59 261
376 502
687 779
381 554
395 515
348 520
724 853
414 679
26 236
439 445
483 544
690 853
391 492
108 159
368 494
497 537
348 571
492 651
724 760
376 420
502 548
203 271
422 579
463 473
488 511
122 224
763 804
484 913
529 539
703 759
111 343
787 823
185 297
506 523
728 737
422 523
0 316
19 115
242 266
213 303
439 477
732 802
199 313
130 257
20 44
189 217
421 570
496 641
877 885
200 332
8 193
697 830
722 768
389 419
0 1
261 314
400 515
553 609
315 324
783 849
388 463
712 822
495 520
514 520
94 101
214 312
461 591
257 258
353 394
716 741
698 863
421 545
444 559
438 500
811 856
186 271
592 644
616 622
203 270
370 456
686 810
6 95
395 430
713 766
438 669
514 569
516 551
408 428
0 82
414 576
686 738
437 572
107 997
14 151
734 785
40 72
412 614
348 570
436 559
50 203
186 345
595 635
702 714
385 461
374 523
709 848
592 619
629 637
397 541
355 547
396 519
878 886
497 507
834 847
710 810
417 492
0 100
402 495
932 980
856 863
507 565
804 863
781 830
81 269
391 524
30 304
367 475
30 303
80 266
363 514
727 766
25 40
374 378
438 503
185 315
348 482
97 230
690 713
742 786
373 498
258 323
141 224
754 830
466 529
392 487
858 870
426 546
369 419
627 643
475 651
113 261
641 651
94 242
747 803
397 419
249 254
900 919
713 745
158 232
450 475
398 493
0 96
577 658
188 304
412 431
378 561
83 84
792 837
366 417
412 455
747 849
469 540
719 728
25 65
640 662
863 882
107 484
434 492
799 835
596 618
872 873
130 300
13 26
500 556
439 471
760 823
348 428
218 328
488 559
348 460
734 803
580 606
703 758
355 410
119 318
45 104
414 638
784 827
169 334
21 325
415 542
542 567
422 596
407 528
128 322
376 545
159 184
824 853
527 567
352 412
717 852
919 942
374 482
128 223
272 304
686 721
460 543
696 842
374 460
378 641
182 253
137 243
369 397
146 339
596 604
439 456
248 291
67 118
719 762
563 594
364 476
482 525
98 148
596 678
374 506
483 651
91 259
523 545
493 514
0 305
387 503
747 797
373 527
101 254
78 306
686 757
465 570
113 132
965 986
106 169
136 213
93 337
591 646
378 566
57 249
0 208
480 540
538 637
804 856
24 101
492 495
824 830
590 612
348 453
693 695
541 568
378 461
686 769
399 476
503 556
348 435
217 324
414 659
348 457
876 878
452 506
577 627
119 189
56 231
26 66
360 548
128 334
402 514
784 829
172 261
777 829
374 463
367 502
412 538
387 402
465 506
745 827
698 895
783 827
686 696
526 993
361 474
446 487
0 128
442 544
115 144
459 516
462 512
714 732
357 551
239 313
727 847
557 570
369 554
506 507
420 524
725 839
400 432
382 452
713 805
422 520
486 551
373 387
697 748
124 170
136 156
119 170
353 370
640 681
713 830
0 197
98 113
368 521
419 492
13 304
452 546
96 133
373 436
736 816
144 343
696 823
186 252
231 291
694 821
434 488
583 665
121 169
348 524
917 984
728 823
363 373
703 718
67 203
694 737
51 84
460 566
368 503
436 488
686 770
348 390
373 434
213 322
703 793
412 473
916 966
52 192
592 605
742 789
503 517
363 482
811 890
72 239
142 345
376 463
773 774
368 517
236 248
471 569
492 604
25 336
113 313
142 280
395 456
67 308
508 563
686 836
25 291
412 537
428 542
439 506
440 496
271 318
544 604
397 481
364 564
373 408
374 614
752 815
21 108
810 823
414 586
373 587
618 680
7 340
574 596
438 496
0 83
40 212
483 671
348 404
428 506
738 805
497 544
705 726
412 423
917 919
24 346
404 560
474 546
776 877
0 190
724 842
94 299
98 122
200 277
537 545
348 455
732 806
595 662
72 252
9 342
0 91
484 494
515 517
457 563
134 142
871 881
599 670
348 391
107 171
438 444
395 402
561 669
280 290
0 154
370 387
952 967
573 592
414 492
366 493
484 526
31 168
188 291
41 312
402 515
44 312
360 567
9 203
734 784
861 889
515 527
724 786
161 258
31 304
450 519
727 828
250 252
528 553
820 849
449 563
149 312
720 745
373 517
420 563
503 527
400 409
402 425
643 670
830 847
0 65
713 814
438 566
544 676
506 606
483 563
367 491
403 458
592 621
162 312
107 933
370 567
252 291
59 172
25 39
3 26
659 665
741 836
515 580
14 312
599 665
40 132
122 332
524 542
429 455
2 115
408 409
200 280
635 658
694 830
1 346
56 271
139 159
694 756
436 478
784 853
329 332
382 410
438 517
803 832
686 751
412 676
277 332
353 497
79 271
706 719
705 715
781 823
959 960
359 531
618 653
460 563
745 834
422 614
107 984
576 681
348 497
755 808
455 561
119 239
300 346
249 304
21 127
391 456
387 567
40 169
197 272
640 675
82 98
412 487
348 529
828 845
373 392
236 272
917 938
697 769
89 219
628 662
500 519
635 670
359 475
355 460
59 186
556 563
67 196
859 885
810 856
363 493
350 527
688 823
412 525
0 180
579 625
830 846
764 809
178 272
374 430
395 451
56 272
366 515
603 612
458 475
109 322
107 930
397 444
369 509
26 176
80 94
493 507
32 93
355 418
362 463
130 329
766 834
576 643
381 486
419 483
0 327
348 503
686 845
280 329
9 186
269 329
622 639
747 820
357 486
634 651
348 366
686 803
373 634
423 461
926 960
748 758
368 525
14 28
941 984
507 563
509 551
3 228
428 549
353 366
239 280
330 346
885 887
425 434
84 313
686 766
376 669
616 663
105 119
616 678
26 323
460 553
436 646
778 828
728 835
9 142
445 500
588 592
719 819
387 524
583 640
726 754
395 678
422 593
783 797
77 231
580 591
588 644
149 333
686 843
632 650
537 567
592 611
0 204
483 560
731 810
0 288
56 141
407 543
579 620
45 322
431 517
299 300
9 67
127 197
128 271
0 22
62 276
487 503
708 753
553 591
444 523
137 214
20 41
732 791
718 814
20 333
870 881
505 509
622 625
507 515
20 214
75 200
109 271
626 644
363 561
107 978
23 175
504 521
500 514
53 317
456 513
944 977
422 618
17 214
600 659
966 982
715 781
695 711
0 179
872 885
400 461
633 666
695 697
755 814
876 889
477 554
728 797
482 517
686 689
392 497
56 341
483 496
419 493
62 133
916 967
795 842
348 432
199 252
722 853
115 192
348 492
418 475
787 836
695 760
188 274
479 538
141 304
403 519
488 527
466 539
686 701
412 580
686 688
118 304
20 149
360 497
440 538
376 591
514 566
597 636
576 615
414 600
400 544
21 323
5 315
285 345
72 141
97 182
435 497
26 158
373 492
57 92
475 604
392 556
57 277
112 174
395 414
40 272
577 578
187 249
487 500
718 815
387 444
67 109
10 291
359 376
500 563
506 519
178 213
814 834
400 404
693 844
605 619
604 671
390 450
497 520
719 720
109 277
740 841
353 651
415 535
251 284
64 119
748 770
800 827
686 825
622 663
122 304
348 454
373 421
107 366
0 214
391 438
391 482
513 641
763 803
455 531
611 664
187 254
690 694
577 600
374 439
747 848
896 954
479 492
723 830
693 697
107 974
538 559
784 854
133 315
517 561
141 236
119 199
526 606
770 797
363 492
558 604
506 645
815 856
726 844
98 342
618 636
272 329
67 212
390 475
362 482
418 514
387 406
165 169
896 994
643 675
414 558
500 513
276 322
397 509
414 653
348 558
419 440
713 815
513 614
353 482
370 527
360 561
758 827
374 515
426 504
353 376
745 845
686 767
0 219
709 835
745 794
130 346
422 489
709 823
698 882
80 315
596 655
770 803
805 837
686 715
730 797
106 231
353 462
429 522
374 391
561 651
645 651
417 570
82 148
0 72
747 838
414 617
834 853
792 819
633 644
392 465
348 515
475 548
687 730
232 239
402 428
39 105
548 555
609 666
786 833
828 844
57 108
430 484
781 805
170 285
79 252
795 829
388 475
705 728
575 654
439 553
9 141
0 318
236 257
824 829
475 487
115 226
188 252
98 280
437 532
780 805
455 569
4 152
773 781
686 768
397 439
420 484
784 824
591 669
25 285
461 683
0 74
348 553
25 203
698 857
195 275
385 483
802 818
601 637
366 497
424 435
116 226
25 283
698 883
806 833
786 813
414 677
100 150
53 146
107 972
348 516
80 320
109 331
59 342
709 754
723 824
781 824
475 547
56 221
473 503
360 388
370 374
700 815
432 438
61 193
372 460
394 614
408 503
0 304
513 567
378 651
446 517
640 670
223 261
431 465
819 856
239 322
281 320
506 521
579 644
465 569
107 921
67 324
360 395
469 486
265 331
611 625
350 528
553 644
161 339
615 659
713 780
463 570
436 651
439 461
171 217
223 239
444 500
23 240
21 56
579 592
75 258
824 828
414 592
398 517
752 827
397 544
197 320
761 842
573 626
404 500
436 517
68 227
79 185
25 31
616 639
611 618
452 465
199 304
116 214
432 566
104 186
354 355
367 489
661 670
111 279
373 496
510 513
303 315
199 322
199 222
107 940
579 664
181 273
134 248
773 823
370 469
373 542
751 842
111 337
248 277
632 665
421 465
462 494
232 271
1 119
414 642
574 579
374 444
132 277
173 549
41 111
107 389
773 853
348 414
513 683
428 438
404 537
387 507
348 506
107 993
7 246
705 778
507 525
421 563
450 557
573 611
105 257
75 274
39 200
597 611
115 214
576 650
787 793
792 828
592 678
30 329
686 748
747 805
772 827
728 759
133 141
397 402
178 329
353 446
350 455
630 684
353 503
780 830
798 855
169 252
374 545
173 464
59 268
698 811
455 539
236 303
711 784
402 432
395 527
694 773
25 79
452 513
41 116
0 298
625 633
414 622
323 332
713 850
55 56
726 784
348 572
422 604
0 40
496 580
388 445
766 849
563 567
517 520
399 441
87 161
107 957
457 486
711 724
359 547
395 497
416 419
461 463
583 675
119 329
417 438
412 524
26 40
560 561
0 242
404 419
389 497
500 527
946 966
373 374
446 548
544 570
700 794
431 527
359 361
169 239
107 981
828 851
774 784
370 544
765 807
0 10
452 559
697 819
395 436
507 517
977 986
574 631
9 176
188 277
764 783
494 537
204 266
0 36
412 566
158 168
654 683
99 227
708 797
224 324
702 725
117 231
395 419
525 537
348 543
456 493
764 824
125 136
695 701
488 513
119 171
632 659
414 601
378 431
238 324
392 456
121 206
277 322
363 526
741 807
0 325
445 463
504 553
636 666
92 196
820 828
771 818
412 548
62 170
963 992
0 294
577 650
348 439
348 393
760 800
416 494
352 462
200 285
378 524
30 213
0 78
430 561
359 470
705 718
627 647
914 915
203 322
713 731
513 604
650 681
704 777
391 561
408 444
725 771
493 512
726 780
781 827
689 712
367 422
368 408
0 312
579 590
437 499
396 555
140 214
408 438
376 439
440 525
605 644
373 520
910 912
691 833
551 554
686 740
67 322
142 170
0 69
3 283
119 148
0 301
708 819
617 644
79 272
376 527
172 203
24 249
41 243
220 262
366 482
402 413
363 606
422 438
123 186
603 619
45 132
479 483
200 232
686 800
734 853
760 842
378 487
579 619
428 514
485 518
376 557
423 645
696 780
412 481
724 781
57 213
765 779
53 330
113 277
507 566
738 752
515 641
827 834
686 840
261 313
544 561
0 216
122 169
21 123
258 295
628 643
686 782
55 185
545 553
409 512
207 322
711 795
213 291
686 853
194 346
461 507
180 346
460 517
460 515
431 506
766 771
428 962
55 252
60 322
398 545
497 527
410 474
734 829
971 984
144 151
397 554
357 419
92 242
348 430
348 548
466 504
933 942
595 661
236 276
500 560
56 315
496 514
953 995
169 236
708 824
391 465
355 555
414 513
579 639
119 203
224 322
726 845
56 323
362 570
14 226
98 118
592 654
142 203
304 308
108 251
475 519
123 239
367 504
31 237
500 557
199 238
141 199
387 461
428 520
348 560
107 988
188 285
354 359
355 519
423 524
575 630
9 72
24 187
402 493
366 402
436 637
659 661
407 563
0 110
60 285
67 104
512 526
739 792
483 962
413 415
439 517
348 374
719 824
686 731
142 308
366 434
474 475
414 645
388 503
439 514
177 278
592 685
458 510
414 669
25 199
733 782
72 232
592 598
41 226
688 727
366 580
134 277
348 499
107 629
422 653
392 525
451 569
483 494
48 73
242 299
420 471
423 425
122 323
204 277
686 784
392 515
370 497
484 513
184 346
348 481
225 227
719 726
0 42
25 271
731 752
686 804
525 538
213 340
870 894
465 517
724 738
414 605
687 828
618 633
9 291
576 661
66 304
400 417
460 461
359 481
456 566
444 473
469 505
398 527
752 805
190 229
55 200
376 496
186 213
107 945
484 566
17 116
133 224
285 303
500 521
41 93
598 654
580 931
376 388
376 525
354 376
916 983
815 830
50 331
517 976
119 297
686 830
754 838
531 555
731 774
410 463
62 186
686 707
26 122
120 277
106 238
497 538
404 409
26 172
88 186
376 475
354 557
925 980
397 510
693 823
77 117
686 717
975 988
414 423
261 268
211 261
373 556
701 781
705 819
526 561
395 517
25 290
745 751
402 561
815 835
360 412
531 570
747 773
364 501
457 516
734 846
414 602
495 514
348 456
367 553
896 902
448 460
359 367
88 336
559 637
9 66
242 249
200 239
768 833
21 40
121 165
372 421
483 933
63 271
781 815
0 217
186 223
686 720
583 632
238 342
412 428
921 952
363 368
653 664
127 135
348 438
434 559
507 557
5 204
239 276
375 494
631 682
148 176
517 537
101 242
430 465
268 271
483 954
10 200
428 591
483 497
711 745
0 295
2 226
760 766
408 493
582 670
686 778
780 815
415 421
769 856
395 465
436 523
739 774
438 548
724 819
398 511
363 367
60 291
456 567
223 315
348 471
402 520
148 261
67 79
428 676
7 38
434 534
870 895
323 341
0 123
705 843
548 556
430 456
380 518
118 261
0 157
500 645
350 504
828 849
370 373
184 320
91 201
354 397
350 433
483 606
513 544
575 579
722 738
373 400
400 512
573 623
363 521
0 345
239 272
89 319
115 116
713 782
119 185
486 505
523 534
391 539
366 430
180 299
719 734
236 322
477 485
104 252
187 266
21 274
107 928
544 563
769 798
461 548
130 322
62 199
107 934
619 623
98 265
419 567
373 500
372 558
376 555
402 553
211 223
19 289
122 342
378 417
563 569
461 483
686 754
693 828
0 194
133 183
782 829
221 285
845 849
348 402
432 471
0 50
393 399
506 514
10 323
108 272
698 745
630 666
414 434
946 947
85 258
830 840
500 503
370 548
56 297
431 651
687 780
774 843
764 781
398 484
617 677
688 756
439 487
17 19
414 628
861 888
122 142
416 465
799 814
526 566
21 345
258 291
56 62
742 829
62 98
460 473
575 612
879 881
0 150
0 87
414 614
748 764
400 436
29 338
94 302
200 325
823 827
599 650
414 613
363 378
484 537
752 834
514 683
686 712
27 324
0 302
50 277
475 930
615 658
161 322
414 674
0 144
792 850
578 659
348 484
141 239
432 451
444 503
420 451
481 504
0 173
506 537
82 123
62 223
0 230
475 497
98 315
592 682
432 444
636 685
373 497
375 398
597 654
119 325
807 843
212 232
391 580
686 741
694 853
465 557
121 236
0 41
271 325
373 614
104 128
271 314
231 315
353 431
609 626
374 591
357 518
782 786
368 378
55 186
178 322
199 324
933 941
728 809
737 745
408 545
251 309
626 680
452 475
576 578
686 844
392 394
724 805
612 630
25 113
619 630
800 834
456 561
625 630
3 85
606 915
324 331
513 645
400 514
738 826
932 997
4 195
352 517
186 323
856 878
698 888
0 344
505 554
500 591
0 118
158 291
7 136
745 760
348 552
348 514
378 488
787 814
503 560
474 547
766 800
461 527
418 553
414 623
141 271
615 628
702 732
747 810
431 436
404 526
698 879
472 533
896 988
429 529
355 452
203 332
362 473
796 829
686 718
414 658
632 662
75 304
428 492
428 614
615 661
285 313
380 516
563 645
40 239
418 506
492 606
412 523
159 172
726 815
428 460
26 271
687 797
662 675
21 232
664 685
53 302
304 315
107 601
22 168
373 546
604 606
688 845
143 278
439 520
731 766
348 521
366 484
387 517
423 475
49 241
452 553
603 605
376 606
864 893
553 570
0 254
728 764
431 434
661 675
503 566
0 326
73 88
430 451
618 679
118 200
109 119
418 544
176 239
134 304
973 990
694 754
438 461
519 555
313 315
165 200
369 455
404 431
0 61
916 946
520 544
172 331
879 894
7 304
400 669
764 823
277 294
705 758
764 793
567 604
394 538
414 646
555 557
55 104
82 325
261 318
449 543
719 840
239 252
942 984
697 721
261 265
713 833
372 429
128 170
9 280
395 560
804 889
304 334
747 800
464 552
455 543
322 345
397 504
376 515
370 515
68 143
375 503
439 542
422 597
59 203
348 371
361 405
400 525
291 315
779 838
111 312
658 670
524 525
492 514
819 838
113 291
9 271
113 158
925 967
172 329
752 820
408 512
896 957
391 458
909 955
595 650
600 632
355 531
897 995
395 645
941 971
131 177
578 650
712 789
395 561
107 963
874 885
9 30
597 677
701 760
419 526
479 561
867 877
754 840
537 569
355 361
0 111
0 2
640 650
360 565
432 439
705 814
367 555
519 531
53 315
578 675
781 849
0 29
981 988
379 532
492 517
223 246
402 544
63 261
376 378
706 810
391 484
9 185
745 815
492 497
637 968
815 845
409 538
324 332
391 412
156 258
225 278
