1000
842 853
589 611
719 724
537 538
752 823
348 458
819 856
391 567
439 561
370 452
650 661
483 669
438 634
625 684
686 802
693 824
348 409
62 239
362 373
107 935
412 423
566 591
376 471
473 479
714 725
697 721
388 483
735 769
428 434
432 553
711 766
677 680
198 501
465 683
423 553
506 557
404 456
592 653
272 277
497 559
123 252
1 194
348 449
363 432
373 473
694 695
376 450
100 323
56 60
368 462
558 604
595 640
694 710
122 271
414 674
104 203
315 324
577 670
0 289
0 239
365 520
0 121
482 496
211 268
430 541
627 662
452 489
103 285
463 524
119 199
7 304
0 265
409 492
462 493
203 223
513 561
465 517
510 513
726 780
484 494
0 92
363 561
747 820
135 184
713 760
169 239
67 342
162 343
0 118
520 542
878 886
384 552
592 597
603 680
703 824
376 413
134 277
700 794
271 325
428 482
483 596
186 303
180 204
591 637
437 463
118 211
363 482
4 328
727 845
715 814
127 281
92 299
122 232
810 827
566 593
711 853
113 291
793 850
687 764
705 824
748 849
41 137
463 560
774 853
113 172
400 591
720 764
166 173
87 246
360 544
400 559
592 685
40 56
705 800
975 988
156 188
378 669
25 332
586 634
354 519
800 842
640 662
89 147
408 487
95 319
470 531
828 848
654 677
727 805
622 639
500 651
414 625
698 877
248 332
242 254
694 696
402 458
774 784
710 805
40 322
403 547
45 104
271 323
122 248
141 172
729 863
428 669
102 296
428 436
460 506
739 774
496 507
482 484
0 99
627 643
726 824
414 438
9 231
630 655
348 454
627 665
527 553
0 106
461 523
583 599
368 371
738 752
500 565
745 845
686 729
835 837
518 551
439 517
226 343
573 588
398 559
760 834
369 442
822 850
144 312
686 853
170 285
609 654
718 719
494 517
556 614
122 224
738 795
4 181
434 523
686 783
0 284
376 388
452 497
416 537
917 933
432 546
13 265
28 41
16 329
687 730
711 745
102 227
686 789
45 142
400 669
136 315
719 774
188 277
0 58
424 554
414 659
491 548
432 482
25 94
373 496
471 553
115 116
25 288
723 770
645 651
460 482
745 828
573 653
807 828
758 849
391 423
363 492
493 500
159 284
348 461
428 508
516 554
33 42
357 477
523 524
369 509
819 848
960 998
762 781
111 137
735 819
731 766
898 942
13 325
85 272
946 967
703 748
361 474
68 225
26 236
465 591
436 542
662 681
686 766
303 315
31 122
697 842
773 842
203 332
473 542
350 528
517 537
696 840
361 547
431 537
600 615
439 442
412 512
515 620
493 538
402 432
577 599
709 843
348 504
56 212
460 514
484 527
417 545
272 304
361 475
312 343
509 554
98 128
31 142
781 787
92 194
0 71
25 105
746 833
706 805
378 428
414 638
0 254
362 412
619 633
960 997
769 800
731 847
21 169
417 465
170 271
0 37
79 272
726 820
31 67
524 527
737 820
353 936
368 456
395 556
434 559
524 651
473 561
428 465
715 805
423 428
196 249
620 644
412 417
13 59
156 295
55 170
604 637
745 787
414 636
355 373
726 781
453 468
86 177
57 92
595 627
819 830
755 809
75 304
724 734
373 431
619 644
701 713
419 488
695 713
414 605
458 514
348 423
688 805
404 545
782 804
21 323
122 156
172 331
389 554
690 831
402 514
375 408
661 675
579 588
440 525
366 513
67 123
738 774
456 527
724 752
531 568
440 449
107 990
817 830
176 290
387 514
272 297
917 942
423 523
170 260
87 322
414 621
606 905
600 658
592 617
483 580
703 817
77 294
141 276
430 465
92 249
416 432
0 80
630 672
553 556
484 913
458 507
461 544
25 130
350 519
370 555
96 213
506 566
373 524
140 326
429 455
67 265
364 393
62 130
422 460
26 118
414 676
140 312
56 185
449 504
107 982
810 856
302 330
135 284
436 635
0 228
376 395
922 991
475 556
814 829
0 167
686 719
475 531
815 824
404 408
497 523
355 460
417 544
414 583
402 523
713 782
59 203
615 661
45 221
13 313
503 560
514 537
366 517
374 492
107 987
621 663
395 428
0 107
428 641
284 320
363 419
62 341
414 619
776 873
303 322
211 222
0 137
1 92
395 538
353 388
0 12
737 828
41 93
394 400
712 782
213 332
724 830
718 823
257 295
697 818
459 551
0 283
713 842
423 524
898 919
414 639
774 856
716 728
119 176
420 465
429 531
203 331
208 285
424 509
596 639
492 514
373 614
26 334
705 737
388 503
21 297
514 570
0 343
876 878
422 663
428 553
500 524
696 697
13 67
553 566
109 297
404 431
391 515
376 414
800 823
372 455
277 334
609 644
703 831
734 842
312 326
434 458
456 494
408 526
538 560
738 853
736 742
664 666
528 543
619 625
84 224
98 331
315 329
731 834
374 510
545 570
423 556
625 654
0 297
376 587
360 442
423 606
67 196
407 543
361 500
98 252
348 562
463 519
441 564
388 415
489 531
686 711
350 484
107 961
281 309
50 331
414 566
558 570
213 322
373 387
392 431
635 661
825 864
398 445
213 224
188 323
67 308
73 299
713 810
708 824
694 722
119 331
363 493
370 527
67 345
451 503
815 845
353 419
0 257
412 555
56 342
698 890
469 553
450 539
526 906
391 517
28 326
690 853
419 469
93 137
348 441
711 738
451 544
75 170
727 842
582 643
375 484
378 676
686 781
705 834
609 620
784 854
366 373
118 172
461 561
686 773
414 608
315 323
364 564
412 525
431 536
698 870
484 500
66 239
0 39
578 600
419 561
130 322
418 544
729 856
169 185
200 297
420 439
455 539
378 563
107 363
118 199
425 563
395 425
520 527
686 691
363 538
0 73
0 308
686 816
698 804
113 252
708 827
496 523
82 169
7 65
348 452
508 544
628 661
414 524
578 670
0 62
512 526
41 312
526 538
414 588
0 236
492 559
355 519
242 322
686 808
40 200
486 505
797 828
460 563
94 204
574 579
14 310
0 260
698 805
414 682
438 507
579 589
460 543
415 421
398 494
745 760
414 592
724 848
98 186
378 492
400 538
824 827
21 188
450 481
412 559
122 322
483 954
22 87
239 313
0 303
0 138
133 271
109 323
22 324
421 500
492 515
1 315
414 651
688 752
697 844
330 346
378 591
115 326
0 304
815 847
523 553
67 141
780 824
816 833
25 231
471 567
100 119
763 770
374 483
407 433
178 186
107 911
376 390
432 456
758 787
178 206
385 524
172 231
630 653
632 670
981 988
507 570
438 496
563 645
830 844
617 666
589 605
395 398
475 547
805 880
688 713
695 844
766 830
782 813
107 913
172 332
98 342
94 300
694 772
392 560
376 531
754 777
0 247
239 325
719 787
517 545
348 390
423 425
200 274
388 492
630 663
5 187
431 500
0 214
742 829
473 515
376 434
104 318
72 298
408 488
538 559
559 676
2 149
242 346
23 245
697 713
414 603
172 271
686 734
730 797
333 343
373 439
412 455
439 461
717 852
133 232
573 633
348 497
103 323
224 291
438 514
252 315
9 329
363 388
741 827
0 224
107 989
10 291
348 564
107 903
45 67
483 538
348 447
348 433
366 402
55 277
635 650
382 500
374 567
50 203
366 484
616 684
784 810
606 915
104 188
644 664
686 702
439 567
942 954
544 557
0 250
781 836
374 570
764 805
434 580
443 453
395 421
116 343
376 553
461 513
665 675
739 807
348 350
420 484
510 521
348 446
348 481
363 669
752 834
430 497
98 272
597 618
110 264
456 520
40 77
805 824
635 640
290 342
362 558
450 475
686 791
941 954
579 619
0 244
506 537
592 623
280 297
789 818
735 800
417 483
755 781
412 492
21 123
760 800
399 501
686 794
428 542
504 510
500 683
640 670
376 610
127 139
616 657
615 628
26 308
465 556
365 408
363 651
493 494
378 483
131 177
132 311
66 113
25 199
400 513
408 439
419 513
421 563
0 46
350 455
79 200
360 513
526 553
369 551
431 438
707 712
492 676
589 623
389 435
574 630
702 714
823 824
88 336
186 323
693 844
689 789
417 493
9 280
395 497
577 635
824 847
417 561
627 635
394 492
463 557
25 72
280 322
453 498
612 680
40 141
452 507
412 414
703 754
764 781
515 557
73 88
82 318
357 424
588 682
606 968
277 332
394 620
397 426
403 515
747 880
826 842
119 122
198 393
736 833
413 460
598 630
14 41
823 828
734 803
348 496
73 331
412 503
597 680
136 324
686 697
85 323
178 322
818 839
713 831
639 682
475 497
438 591
9 341
466 531
26 223
942 971
398 488
297 322
705 778
24 92
749 757
417 537
404 511
714 767
150 163
398 456
394 414
311 325
40 199
686 795
394 488
36 309
719 847
20 162
246 304
414 515
659 675
398 484
460 567
686 784
348 410
107 965
366 542
355 361
402 520
428 511
440 493
428 444
373 683
50 119
745 853
463 535
25 236
348 541
176 188
591 604
21 186
420 567
113 304
519 548
582 600
104 142
