1000
363 553
697 815
41 326
703 797
59 186
626 654
53 317
930 948
402 514
719 842
86 225
355 553
514 525
567 683
127 197
433 510
170 313
484 637
752 827
200 332
723 727
559 651
780 838
378 500
378 502
475 490
713 736
141 224
21 108
695 751
56 132
778 834
708 890
257 272
30 213
532 572
556 683
689 702
0 128
687 783
728 817
737 824
45 322
360 570
369 477
252 325
0 98
82 268
48 73
80 330
199 298
397 506
400 651
350 484
577 675
389 949
425 434
619 625
465 493
0 154
98 280
426 510
903 992
26 252
400 544
71 230
248 311
460 517
524 553
375 494
778 830
465 559
597 677
107 651
460 463
1 92
299 300
686 756
592 626
417 493
592 622
600 627
372 421
556 676
107 974
3 188
374 483
797 831
56 239
30 331
53 213
500 563
375 456
92 242
246 304
713 840
584 660
500 520
438 497
348 444
489 557
113 134
106 169
724 760
2 343
810 853
479 512
866 879
724 786
9 134
465 580
400 497
404 484
414 665
7 322
107 964
369 563
175 277
686 855
360 422
21 67
764 783
0 343
703 831
718 797
686 853
119 277
726 766
705 741
705 843
261 345
661 662
243 312
271 331
395 497
493 511
591 645
878 886
691 782
348 350
402 506
711 752
753 856
59 268
688 756
493 507
402 415
588 592
703 817
0 106
445 465
723 849
355 489
395 479
355 547
456 527
245 259
417 483
26 203
348 546
529 531
429 466
819 838
159 281
149 333
471 569
507 570
53 302
897 967
376 651
765 856
432 510
595 627
408 431
606 641
194 242
98 277
714 789
580 591
372 558
458 475
698 869
695 853
431 517
402 500
423 587
432 557
459 486
720 730
560 561
561 591
627 670
391 428
123 252
490 491
686 824
66 304
500 645
752 829
148 185
301 324
172 331
605 680
98 238
107 912
461 542
223 261
299 302
85 272
414 634
384 464
395 507
388 463
198 399
370 540
19 293
686 850
348 561
348 423
243 310
428 432
995 997
705 770
225 278
728 764
348 500
304 308
134 238
457 518
417 517
348 425
588 619
698 887
409 526
98 118
705 844
365 556
484 913
129 168
353 366
422 489
354 470
537 545
781 787
99 225
200 248
370 416
194 196
603 623
170 334
591 683
412 487
461 591
725 771
573 597
510 528
438 456
404 431
513 524
615 675
181 306
161 308
257 322
452 475
414 576
438 452
348 469
388 566
13 252
16 331
378 591
50 314
107 932
425 428
98 331
269 329
171 217
445 542
119 208
67 72
170 188
627 643
413 542
588 633
737 837
77 117
355 510
7 168
737 843
504 548
751 795
632 650
784 813
520 544
66 122
373 514
65 203
72 329
188 342
0 135
378 417
836 853
431 503
458 545
783 817
167 310
19 289
378 637
50 109
713 813
366 374
617 644
438 524
451 569
64 217
414 653
457 563
513 637
373 434
404 415
0 82
13 119
506 517
107 963
89 95
797 817
492 497
4 275
578 640
433 563
254 330
376 614
432 438
0 208
694 731
701 780
739 757
378 488
686 802
637 968
322 329
465 669
925 978
353 580
248 252
352 536
62 318
0 14
107 948
373 423
1 194
414 586
387 570
333 343
483 567
60 291
896 975
55 123
611 677
980 993
708 819
0 162
697 835
134 304
450 452
492 580
460 547
65 339
181 328
158 332
595 640
392 500
815 835
523 544
938 992
376 414
953 995
475 481
304 324
514 683
186 223
55 261
366 580
431 432
579 592
30 329
767 839
348 467
92 330
354 489
707 712
26 109
414 613
471 563
615 659
348 538
394 503
199 212
637 678
687 779
431 493
711 847
50 277
57 204
400 432
645 683
414 632
455 561
172 325
630 653
438 475
135 184
402 542
105 272
484 506
75 188
903 963
62 98
171 904
404 506
395 630
58 107
730 797
706 805
545 561
422 604
0 258
82 158
169 185
442 475
408 517
595 643
426 546
517 637
600 661
0 227
67 104
753 890
484 559
30 304
507 517
728 792
713 851
107 972
25 185
744 848
349 534
366 460
0 119
633 636
16 329
409 493
128 265
252 285
141 291
414 645
640 643
444 556
431 438
421 563
392 561
208 277
452 510
67 158
412 500
348 509
9 21
388 445
494 536
515 548
368 503
742 759
643 675
524 614
747 752
438 446
7 340
111 137
56 325
103 271
375 479
376 567
0 122
368 462
408 461
461 523
360 415
577 658
134 199
123 261
374 432
414 619
173 464
359 489
213 224
763 770
706 853
901 903
366 438
507 513
703 705
481 504
53 130
837 840
373 606
442 531
14 310
506 606
348 550
458 515
632 643
173 348
376 555
375 525
199 222
55 203
0 206
698 872
198 364
686 730
507 556
777 779
686 849
348 379
810 823
59 203
355 373
175 296
388 493
946 966
471 513
716 849
223 246
58 269
56 223
25 40
645 671
82 119
625 630
41 312
523 545
412 461
25 56
796 822
500 547
576 583
369 554
252 277
21 98
900 908
728 797
709 739
691 746
698 876
261 271
48 320
389 497
414 596
40 325
38 141
694 772
858 870
373 614
422 631
428 614
376 563
152 275
107 942
703 709
592 633
137 243
0 172
170 285
0 99
414 559
414 591
582 635
368 419
408 512
357 554
745 762
716 747
579 620
686 801
583 659
268 325
444 503
370 469
252 324
412 527
280 332
617 664
729 878
834 847
439 525
800 851
545 570
694 760
266 302
172 304
404 512
25 170
50 203
422 663
213 277
458 470
431 492
201 259
513 520
419 517
393 399
526 559
348 516
474 500
31 129
579 630
417 428
404 559
391 553
348 353
0 299
376 431
41 230
13 109
731 745
497 566
53 204
353 432
423 683
504 510
479 561
370 452
392 482
576 659
348 441
353 493
694 829
430 553
370 492
67 118
416 493
348 505
760 794
14 28
719 847
439 444
348 367
397 457
714 839
9 170
378 483
13 65
688 853
455 506
705 758
686 835
172 211
400 556
487 559
713 762
156 258
1 236
92 196
142 200
479 520
55 67
805 844
355 500
93 337
108 127
178 322
271 272
67 315
599 600
720 755
370 402
128 223
107 986
747 797
460 545
615 628
254 302
954 971
493 517
184 272
363 936
617 677
720 739
817 828
149 312
902 975
686 703
0 298
455 565
232 271
698 708
495 507
797 828
400 431
128 186
64 171
921 925
357 419
542 567
39 119
579 617
662 675
719 800
142 280
395 421
389 509
403 546
432 507
113 132
947 993
553 591
719 829
956 979
436 488
567 604
505 551
0 289
3 170
130 257
398 526
752 805
26 295
449 563
741 828
304 341
159 272
0 225
718 748
714 771
696 830
0 189
374 451
483 561
686 815
4 273
582 650
355 528
265 331
366 408
25 325
686 706
5 204
493 556
752 781
397 444
98 313
364 564
0 271
563 569
172 239
169 257
120 277
583 595
493 514
414 609
0 284
463 570
703 828
460 514
348 394
728 823
713 810
388 487
196 285
223 313
374 378
506 566
820 853
154 219
599 658
348 506
142 322
966 983
960 972
355 403
400 420
439 477
732 789
728 807
111 337
736 782
780 835
493 503
348 412
577 640
440 508
21 284
828 838
116 226
409 431
635 640
428 492
198 501
121 165
150 171
396 548
688 723
374 545
25 76
579 653
363 526
737 830
19 41
405 478
213 231
291 339
172 203
711 842
142 239
391 561
881 895
80 204
348 417
528 563
399 441
461 497
104 188
779 824
886 889
507 565
21 56
376 488
431 606
879 881
200 236
397 402
49 241
348 552
374 496
745 834
422 432
0 202
372 539
113 165
463 500
436 556
211 313
67 185
451 471
863 888
506 521
916 983
450 519
395 514
0 209
367 502
577 635
577 615
199 342
728 828
514 566
544 604
396 510
745 815
428 508
491 548
374 517
916 982
752 842
686 828
465 506
714 767
542 559
460 560
492 542
25 224
236 248
708 781
423 606
506 591
218 306
404 500
719 760
577 661
771 806
824 847
0 137
647 670
0 260
428 609
368 375
170 211
711 795
712 816
409 515
357 477
398 545
25 332
747 769
463 524
98 342
98 119
348 371
0 22
553 683
387 520
755 827
516 551
186 236
874 887
14 214
94 300
395 645
122 297
28 226
122 303
917 954
556 652
0 273
258 323
400 461
419 525
204 302
373 558
580 601
726 780
0 183
444 559
714 725
588 617
432 561
366 493
363 455
820 848
362 482
748 758
285 315
686 707
362 542
9 156
107 933
908 950
94 346
605 644
450 481
31 83
13 172
727 849
415 563
326 343
132 317
0 65
601 976
688 740
542 560
348 385
252 280
696 773
13 67
768 822
141 239
422 685
483 517
178 272
373 463
108 159
517 544
396 570
185 315
348 495
363 436
686 690
625 653
82 123
611 684
799 835
824 827
272 291
553 645
416 417
387 436
360 544
507 563
7 65
769 828
363 637
414 636
107 908
752 823
40 274
0 176
544 545
828 851
4 195
686 727
622 678
539 560
19 343
297 322
563 634
408 513
99 278
9 285
408 428
21 121
420 507
773 821
553 644
418 432
410 475
367 553
763 849
561 651
513 591
0 107
695 766
770 799
450 463
0 123
376 417
591 641
910 912
194 249
2 116
458 507
348 456
695 834
426 471
688 739
477 518
483 563
402 493
185 344
773 828
724 821
781 853
101 330
451 507
0 59
414 620
378 495
619 636
715 805
705 715
698 860
188 224
686 714
376 637
359 361
409 462
50 119
20 149
414 628
728 737
223 315
747 783
127 284
737 773
616 623
455 568
474 557
718 805
786 833
20 41
375 404
492 669
353 430
632 661
211 268
438 604
619 678
450 475
433 455
686 846
705 834
818 822
455 557
414 644
512 525
414 574
730 763
434 475
500 553
360 514
366 606
741 747
563 594
738 794
56 75
792 803
9 186
46 278
766 810
26 141
695 805
857 862
747 748
791 796
115 137
107 906
524 566
517 536
705 731
0 159
455 466
740 770
459 563
118 261
113 142
475 930
500 519
423 497
589 611
159 345
359 455
870 894
79 200
420 514
203 265
483 500
376 511
745 842
731 810
109 169
626 644
285 304
723 745
896 957
695 745
559 604
763 787
698 892
782 813
252 332
103 169
378 604
414 587
603 609
559 637
440 484
758 814
271 332
0 223
653 664
686 763
513 563
796 806
184 197
494 517
127 184
0 333
3 200
188 280
573 611
67 75
700 794
363 409
483 525
56 113
755 758
396 547
497 510
736 818
136 315
39 313
754 828
122 188
412 506
21 142
497 567
739 758
38 332
475 604
583 681
653 666
696 829
21 277
184 346
376 387
640 647
226 333
41 343
719 827
574 663
787 849
461 553
776 877
696 713
208 291
231 329
397 426
573 579
21 188
415 535
697 805
367 376
452 553
515 524
687 828
71 307
473 495
133 188
366 475
107 926
876 882
577 599
92 204
0 33
376 410
828 880
417 556
713 817
103 136
719 824
766 830
80 101
348 436
395 430
754 821
161 314
48 322
439 527
203 341
413 473
392 506
726 821
348 524
9 322
38 339
107 991
273 306
761 848
20 162
504 562
357 459
72 291
728 747
815 834
773 781
88 106
67 161
707 714
0 334
431 506
702 714
170 239
412 507
97 182
0 323
465 558
774 856
420 451
701 713
152 339
627 647
357 516
45 122
239 303
5 180
772 805
421 543
25 203
373 460
414 672
348 435
713 794
700 815
617 619
398 503
55 200
485 518
172 268
414 667
815 830
158 242
759 828
430 514
708 719
606 936
82 271
773 827
967 980
614 645
373 517
739 787
507 525
690 731
304 347
363 544
515 517
747 880
592 685
280 315
375 503
0 320
705 830
524 561
408 438
67 323
497 523
514 580
762 799
376 546
582 600
227 296
128 334
733 782
119 170
542 591
736 788
428 542
130 322
67 297
783 793
24 194
26 212
691 833
600 635
107 935
543 546
739 747
431 507
374 438
25 105
793 817
374 475
8 193
439 475
414 475
697 844
0 190
430 537
414 615
375 408
96 323
366 651
142 285
0 293
698 864
104 252
55 252
376 475
400 537
460 523
595 635
824 829
0 72
421 444
353 492
389 516
109 158
14 312
697 727
385 524
418 568
483 542
694 737
0 36
170 277
686 761
555 557
396 519
873 874
688 719
500 637
128 248
544 553
394 511
737 815
252 297
772 827
432 553
545 559
566 936
582 662
770 772
434 566
9 272
513 580
394 513
104 239
579 654
0 301
397 570
348 432
438 507
444 531
907 948
428 651
397 449
579 684
728 820
0 192
0 53
376 450
430 525
706 847
478 534
595 600
598 680
55 186
290 322
544 557
394 512
422 592
432 546
232 239
271 304
96 274
388 475
7 246
203 211
798 852
436 506
713 777
475 527
395 517
172 271
361 489
819 880
428 465
631 639
21 66
696 824
463 473
437 463
423 465
414 626
75 258
456 493
425 477
573 592
507 520
373 417
378 515
942 971
647 662
830 845
348 439
88 236
375 484
497 570
348 453
25 39
98 239
373 566
762 814
10 277
122 304
745 787
705 820
353 936
0 326
0 58
414 627
626 677
705 759
353 400
688 694
916 967
353 484
524 525
392 566
689 839
423 500
686 722
339 347
541 563
122 271
407 458
460 566
800 828
362 445
378 497
422 619
26 334
582 640
748 831
760 828
397 418
431 497
721 736
686 820
706 731
166 173
360 520
496 523
414 657
381 551
506 519
736 850
143 175
698 888
55 170
39 161
461 561
373 556
727 853
352 398
62 133
374 565
107 428
578 627
236 315
553 555
953 997
109 303
404 493
428 676
178 345
603 654
678 682
789 818
374 669
281 284
422 547
348 420
483 487
2 326
698 863
589 684
713 842
277 334
142 170
60 285
884 893
691 822
788 806
698 800
56 72
91 193
420 556
17 111
432 570
428 514
408 559
603 625
713 833
378 461
187 194
374 376
423 484
686 718
414 434
412 533
791 806
412 580
829 834
348 430
370 646
766 853
31 252
579 633
107 927
654 664
0 66
395 544
536 561
82 118
677 684
497 565
707 736
96 314
299 330
425 534
740 817
553 609
104 212
457 551
509 516
98 199
736 816
403 515
470 507
122 325
686 700
348 570
431 669
641 962
107 984
745 847
348 514
200 322
376 481
348 377
584 678
355 376
423 527
397 543
745 828
313 315
72 212
404 560
367 378
65 261
720 781
582 681
352 431
815 828
724 848
0 89
717 852
578 600
592 630
688 774
23 175
469 505
754 815
686 716
609 623
686 856
544 559
348 409
348 484
348 378
402 475
184 284
451 556
133 183
458 489
376 586
398 430
368 456
414 558
495 544
573 684
696 795
231 291
249 315
637 641
388 450
118 222
56 298
466 531
444 538
698 810
102 227
285 303
492 566
694 798
960 997
776 872
761 827
194 302
372 531
414 598
395 683
98 276
389 554
436 652
231 280
874 885
697 753
33 42
496 508
492 559
109 119
0 108
686 689
26 265
422 449
432 483
651 905
173 202
271 322
419 484
726 823
25 232
490 502
811 869
537 559
902 981
0 302
172 329
227 278
600 650
736 833
417 515
388 496
376 428
221 322
372 545
0 317
503 524
107 899
0 203
599 650
0 70
713 778
376 412
252 342
428 563
697 745
686 743
437 499
348 515
567 610
475 563
180 196
103 285
353 462
634 647
754 773
522 529
122 156
740 831
355 410
772 814
420 483
577 578
26 62
688 800
353 388
402 559
915 948
198 393
506 604
2 20
598 677
706 752
0 188
711 829
719 727
17 41
825 884
366 484
748 817
127 139
414 666
787 803
825 889
392 483
754 792
520 553
0 8
627 661
774 843
393 564
124 170
698 879
195 275
863 876
25 104
748 787
398 408
747 831
194 204
524 590
370 428
438 503
561 669
67 344
27 119
213 249
21 55
698 862
716 718
398 525
26 280
701 830
366 544
313 325
623 654
573 626
359 547
765 780
40 332
27 329
754 848
0 254
428 559
709 828
932 953
727 846
693 834
916 925
175 225
350 419
348 442
944 977
395 463
388 404
378 542
687 739
394 559
724 745
612 617
186 200
161 325
203 272
408 439
31 291
544 676
428 497
464 552
370 604
479 484
584 630
354 361
897 995
82 172
698 856
465 676
804 876
40 231
827 834
370 497
402 561
414 600
311 344
128 150
503 567
767 796
787 793
906 925
104 186
0 235
204 242
39 257
40 304
136 304
369 518
199 231
67 123
0 84
55 277
21 122
559 567
596 678
137 167
708 823
771 791
686 705
29 118
417 567
4 328
0 179
525 526
56 221
694 722
21 342
373 637
299 346
742 786
169 239
452 470
461 524
88 186
1 88
828 834
599 662
6 147
545 563
277 315
777 829
389 435
473 539
168 339
414 652
719 762
38 322
695 734
0 156
67 325
363 492
348 424
428 438
24 302
25 103
0 201
432 514
432 566
248 265
587 651
200 252
224 324
68 296
738 751
133 276
473 561
62 67
408 511
695 760
374 515
370 392
752 830
592 677
573 619
4 152
39 200
408 445
766 826
932 982
348 458
589 636
819 834
412 547
686 723
598 609
830 840
588 685
686 829
161 304
726 781
500 507
392 542
407 504
363 606
107 366
368 409
745 773
690 713
149 226
867 887
355 519
703 728
194 346
400 434
695 847
118 324
142 297
170 186
55 122
460 544
465 537
392 503
724 827
75 323
400 409
696 823
350 552
463 519
26 79
399 564
414 630
141 258
767 768
460 492
719 840
116 144
107 916
537 560
584 592
408 538
719 731
483 544
32 167
23 83
745 795
122 342
119 261
728 838
178 231
591 634
23 190
763 803
433 504
548 556
80 180
252 334
419 475
214 230
457 505
10 200
475 545
388 567
67 113
452 507
483 537
708 769
694 853
26 142
488 556
141 323
402 458
588 678
24 53
400 606
394 400
412 538
729 861
348 488
380 516
688 840
395 488
242 299
176 271
784 824
2 115
795 842
439 487
762 827
719 772
866 881
363 493
465 614
389 505
98 186
863 882
834 842
483 637
538 580
38 248
199 322
348 568
815 837
24 346
423 560
576 578
56 104
0 329
109 122
402 553
754 824
606 917
512 526
631 679
1 346
733 768
172 199
348 421
734 785
452 566
722 853
484 580
507 566
0 221
67 345
449 480
161 339
416 503
414 465
871 881
26 133
1 48
768 816
582 659
67 303
94 194
428 520
661 665
373 439
56 82
539 568
514 569
856 889
398 462
705 809
400 444
770 783
713 834
40 132
107 998
252 271
107 949
131 177
318 334
695 711
104 122
698 880
817 850
479 517
0 316
698 865
94 180
805 829
330 346
118 211
408 545
101 242
0 324
686 719
373 438
376 676
435 518
475 502
582 670
412 544
405 513
360 362
515 641
410 557
122 236
85 322
687 764
7 308
687 823
708 753
45 104
618 666
686 767
21 159
348 388
0 83
242 266
0 163
404 421
392 538
703 764
597 680
25 26
405 563
0 21
67 248
353 431
409 517
16 29
363 368
361 475
421 500
156 235
0 32
302 315
354 450
419 493
423 646
465 513
686 782
186 303
0 200
140 214
422 455
395 460
520 563
696 724
592 672
159 284
391 431
858 881
373 483
26 122
526 637
261 297
395 461
89 319
688 845
92 266
366 395
355 412
421 558
796 818
22 347
238 261
408 520
706 834
82 84
85 258
48 57
98 223
113 200
503 557
395 591
414 589
119 324
479 538
455 563
686 739
428 604
676 683
764 838
271 342
475 548
489 546
686 762
800 853
395 428
436 635
161 252
122 344
196 266
755 797
354 355
636 677
609 666
369 378
606 968
109 252
444 445
414 431
460 542
5 87
107 959
482 515
165 200
107 637
698 805
109 325
461 517
0 303
62 141
430 563
381 516
705 835
219 319
107 641
727 842
566 593
409 412
0 267
153 280
426 544
690 820
865 868
461 465
439 465
578 635
397 477
388 548
398 527
475 483
56 265
824 826
415 460
135 197
428 667
732 791
239 276
29 247
559 614
633 653
696 842
703 827
249 346
57 108
661 675
431 462
537 567
212 298
687 780
5 169
525 566
718 762
412 566
236 280
459 518
130 204
142 252
370 417
728 819
531 555
147 219
781 793
134 248
36 281
823 834
257 258
722 745
439 456
81 269
696 780
9 329
436 478
363 559
686 778
224 232
500 614
36 320
455 497
800 830
460 508
561 604
417 506
686 807
324 331
400 676
686 806
251 281
410 568
395 574
395 601
398 479
508 563
604 676
709 848
66 142
348 551
91 201
40 133
284 329
196 204
203 261
248 323
359 491
48 88
416 537
705 728
605 653
414 607
627 675
438 683
0 48
972 983
284 309
575 612
686 791
709 777
693 726
459 551
115 192
367 547
370 548
720 745
799 814
713 773
56 231
752 853
705 755
452 544
369 551
487 493
722 737
436 465
597 654
586 634
353 446
694 706
119 163
368 497
355 475
0 205
115 262
24 249
391 490
698 745
348 487
386 532
579 626
451 514
271 318
686 717
575 630
496 506
755 783
713 724
141 280
98 325
787 823
463 557
26 56
370 555
355 481
763 836
142 203
728 780
378 614
465 535
252 322
101 302
770 777
424 518
483 560
506 559
711 766
9 142
53 299
48 53
453 498
574 621
553 560
348 445
107 900
419 486
745 817
523 561
394 414
382 500
713 748
109 285
40 56
0 152
715 814
792 835
611 664
713 780
739 780
423 425
438 676
0 110
374 614
9 188
84 276
65 118
348 565
723 766
143 227
423 669
133 315
107 909
122 323
779 835
728 739
713 745
31 168
7 339
634 646
491 502
175 227
355 463
519 557
118 172
773 815
699 833
118 199
357 457
475 507
21 248
599 627
718 823
460 495
580 637
348 567
353 471
376 557
474 531
503 526
431 482
492 513
410 548
526 553
26 257
431 513
465 500
186 199
713 752
400 414
423 473
723 824
792 850
579 597
122 277
403 555
64 100
798 855
414 682
605 619
729 856
694 752
577 583
436 637
594 667
609 653
175 278
21 323
713 751
57 302
604 637
706 815
360 388
0 214
748 793
376 520
148 229
57 320
524 544
527 559
67 334
392 394
716 741
546 557
756 805
456 520
432 452
85 274
56 185
615 670
554 563
514 548
400 417
72 271
745 805
726 751
238 252
356 472
67 122
589 597
25 148
32 337
115 214
0 270
9 334
438 596
373 392
792 807
941 971
483 896
178 186
481 519
611 654
504 570
412 481
277 323
669 671
599 640
376 553
473 535
391 503
387 438
432 465
515 545
583 650
136 285
493 561
573 617
36 184
605 654
376 436
698 877
463 542
544 570
242 322
712 714
589 617
53 266
408 524
348 459
231 232
414 553
793 809
98 113
97 230
598 653
0 325
128 213
757 775
579 639
606 645
414 594
56 261
367 519
418 553
369 516
0 187
774 784
48 332
504 543
226 326
0 104
627 632
475 580
414 622
492 641
373 590
374 500
457 509
847 853
85 170
311 325
45 186
423 492
500 604
376 556
822 839
92 180
374 419
211 315
391 491
861 876
627 662
348 359
400 614
496 566
748 797
203 268
203 297
588 653
137 214
651 936
614 669
793 836
9 297
184 309
360 542
719 720
450 489
19 214
195 306
625 654
98 104
377 383
172 298
508 520
471 475
444 506
724 829
475 565
980 995
252 291
376 580
9 315
709 843
178 213
359 405
53 242
781 834
697 827
349 508
559 561
9 291
107 999
285 322
695 719
432 544
374 482
471 507
348 553
400 475
515 557
355 470
619 653
606 915
766 800
805 823
556 614
352 479
724 784
573 623
361 470
701 777
977 986
107 915
40 257
465 591
0 280
101 266
710 805
487 556
465 475
517 651
203 285
513 515
32 137
586 646
731 815
687 807
414 496
26 55
107 957
604 651
408 456
475 488
199 265
431 538
398 536
360 444
40 271
578 650
402 570
436 580
1 73
80 194
720 808
446 475
797 820
107 897
615 627
9 141
446 492
272 277
579 611
445 473
531 543
177 227
186 221
376 442
391 524
126 260
666 680
592 680
233 256
82 331
467 532
559 566
398 456
62 96
75 170
1 126
590 623
651 683
686 725
791 818
394 479
280 297
212 232
460 570
408 419
56 341
122 285
65 297
391 412
25 270
566 591
7 291
484 537
445 460
576 681
392 567
122 136
896 989
107 649
643 659
687 688
363 507
616 618
99 227
0 319
67 134
731 853
696 727
3 122
357 518
391 484
213 272
432 506
737 820
742 746
686 693
436 523
348 380
136 308
719 845
119 339
701 724
795 820
697 820
260 339
21 39
431 536
697 731
777 824
0 251
223 265
367 546
9 85
0 158
21 345
573 603
96 133
701 821
423 651
546 547
363 542
752 820
53 194
591 651
25 119
367 548
410 463
242 302
504 546
51 237
493 500
359 391
13 26
261 314
98 148
636 644
107 921
707 768
781 830
580 931
580 976
760 842
416 563
0 277
792 805
513 527
686 813
576 661
348 431
686 833
686 771
169 252
604 669
688 792
503 566
129 347
373 528
496 565
723 770
397 481
465 507
354 474
698 830
142 308
350 426
437 572
517 537
400 513
745 760
463 531
9 280
3 72
412 482
755 836
404 561
258 291
688 834
599 681
428 591
376 452
698 769
373 376
614 683
423 604
113 342
359 530
573 666
773 847
373 669
0 304
688 701
150 324
635 662
5 316
484 560
107 937
445 560
26 223
133 224
723 734
370 436
688 724
526 993
0 217
758 793
391 563
104 303
709 754
263 296
413 461
432 555
461 527
385 483
435 459
180 302
48 130
452 555
84 237
707 816
353 560
409 536
348 468
387 524
577 681
187 302
168 291
556 563
363 388
9 199
978 980
63 342
595 661
249 254
348 533
362 473
618 680
26 276
14 116
488 524
612 636
139 159
414 638
373 395
265 271
172 223
770 849
56 252
428 683
67 271
456 503
348 399
422 584
730 764
452 513
115 116
25 200
62 276
428 479
779 780
68 99
686 809
211 304
0 272
0 103
631 678
188 200
45 67
695 718
511 525
419 423
686 822
308 322
348 365
422 682
378 563
7 315
67 265
475 567
792 819
0 186
369 397
600 670
348 503
475 555
400 637
172 332
751 830
423 456
26 72
828 848
348 471
26 199
376 507
271 277
592 653
430 503
686 711
760 824
55 239
711 828
617 630
222 240
40 329
754 780
395 523
56 207
414 602
158 232
686 758
493 537
239 272
461 507
870 871
647 650
373 520
719 726
898 919
404 487
707 742
6 95
414 677
524 527
4 218
29 231
408 483
460 567
40 277
391 515
28 151
414 635
461 590
67 213
484 493
104 113
786 813
952 993
368 538
492 538
412 614
0 342
463 555
574 616
723 826
348 520
704 770
0 26
361 557
475 547
722 784
665 670
496 591
500 517
412 452
158 168
107 961
239 252
454 564
483 566
770 781
780 805
376 489
360 402
455 553
628 665
802 806
712 768
0 339
795 829
725 818
444 449
686 754
898 971
400 493
360 548
420 563
107 997
265 311
414 604
312 326
566 676
409 521
778 828
92 249
79 252
0 194
