1000
353 462
415 421
924 940
434 506
135 251
781 823
376 394
465 676
57 204
777 830
369 378
103 252
980 993
719 820
514 548
451 569
81 286
479 484
257 304
720 808
432 527
72 200
724 742
394 414
697 698
431 462
370 402
26 109
686 844
175 277
543 545
87 291
816 850
559 580
464 552
703 835
396 481
277 339
170 322
475 557
339 340
227 263
0 54
686 737
7 340
392 465
248 277
397 426
463 489
194 254
709 739
363 417
595 670
724 734
526 606
731 830
379 532
414 676
558 570
400 637
392 482
398 559
62 141
384 552
372 568
404 409
428 511
451 506
438 506
479 527
0 87
252 261
428 461
725 818
369 407
507 556
567 646
698 867
526 651
553 561
350 426
460 560
9 341
95 319
421 558
514 569
474 481
412 493
500 591
497 515
57 80
405 513
159 320
0 81
492 503
161 322
178 186
438 520
786 833
351 364
348 562
600 665
506 525
26 123
694 781
414 561
713 782
56 104
376 547
417 560
40 265
753 819
149 226
107 958
741 747
687 797
517 544
783 787
897 947
700 795
686 697
770 783
363 542
167 243
53 248
0 144
545 561
389 459
0 124
432 444
645 669
492 591
424 509
320 346
39 165
728 828
67 322
686 687
514 525
661 670
719 842
60 158
591 645
0 148
606 917
429 539
348 418
632 661
689 702
56 213
214 326
826 830
643 650
40 72
527 567
366 555
373 434
185 344
149 162
412 523
48 199
381 486
954 971
388 513
199 239
805 818
148 339
458 475
508 563
436 606
686 820
617 654
513 669
122 344
397 483
0 263
400 514
525 542
402 558
588 678
185 200
579 663
504 571
360 570
637 645
362 542
430 497
637 957
0 294
630 684
0 168
388 450
140 326
420 483
0 51
172 212
800 851
538 561
413 465
404 536
726 751
271 291
953 978
423 537
62 276
701 774
280 322
794 795
53 194
713 780
465 556
82 169
0 78
745 751
578 681
747 797
420 556
686 791
169 322
212 295
370 376
444 445
388 544
150 324
107 911
493 507
747 774
370 563
398 517
727 828
688 726
708 869
412 506
395 451
72 113
13 239
409 538
109 304
694 824
348 451
348 397
408 511
484 494
724 848
553 614
188 258
107 999
419 537
428 482
366 412
144 151
604 606
732 822
374 461
452 465
0 59
820 849
373 391
802 818
896 975
0 282
687 780
348 465
113 132
363 444
130 322
369 435
686 792
277 294
712 736
303 315
475 521
719 773
78 273
367 452
490 548
351 564
188 323
21 315
249 304
367 416
478 534
185 271
606 915
686 796
398 445
373 590
726 812
392 553
957 975
456 460
431 527
0 96
400 606
103 271
698 870
589 625
62 186
440 538
528 553
374 515
38 141
873 874
428 434
425 520
373 417
432 559
419 567
580 976
113 285
600 650
916 993
128 322
503 542
724 786
573 592
731 773
412 414
82 331
726 731
188 223
21 251
588 654
400 591
400 614
122 277
431 500
36 108
1 299
396 450
465 506
715 827
500 519
597 684
36 184
637 679
271 325
705 762
194 242
696 773
56 222
578 599
370 469
916 946
72 172
686 834
925 999
130 329
752 815
348 473
719 815
553 570
651 683
458 497
528 563
415 445
784 813
354 481
418 514
162 312
361 470
423 430
616 684
348 371
815 837
688 780
395 495
402 513
285 322
511 538
311 325
495 542
93 337
196 266
650 658
118 161
410 548
13 236
592 655
416 563
398 488
635 662
107 925
524 683
444 475
125 169
497 525
353 540
598 619
352 375
773 781
44 343
9 21
432 557
765 780
366 539
9 188
144 226
407 528
736 788
62 223
354 452
686 770
418 553
517 538
702 714
516 554
9 75
439 570
0 117
694 724
0 254
361 450
579 630
380 554
866 879
132 277
442 563
456 538
863 888
980 995
496 497
409 494
101 242
389 505
66 239
46 143
236 252
519 531
170 211
3 323
695 751
39 141
701 724
107 957
30 329
479 493
509 551
767 768
203 270
178 322
387 406
353 471
408 538
374 430
713 719
603 612
417 515
25 67
50 331
740 770
0 7
373 683
104 271
748 770
274 341
745 760
348 504
461 542
819 880
414 584
13 172
372 530
812 837
420 524
719 752
395 417
208 291
55 123
524 614
29 106
199 304
107 641
578 658
636 678
348 564
434 497
50 334
724 824
696 834
9 315
460 567
404 561
689 771
432 555
514 566
416 493
780 792
713 814
577 599
874 885
419 516
722 829
395 517
695 696
376 567
632 635
449 543
713 810
376 491
265 313
402 523
398 408
754 824
376 546
445 560
363 385
796 818
0 157
792 850
941 971
688 828
452 506
495 507
109 295
696 823
200 277
170 186
351 454
67 185
378 423
242 266
414 681
490 491
353 428
376 520
766 847
231 280
773 824
480 563
484 566
429 481
408 419
19 41
688 719
431 511
583 647
0 62
925 967
422 553
115 226
39 161
781 829
463 519
324 340
576 675
102 263
463 483
186 331
518 554
698 875
705 787
224 304
248 252
77 231
348 549
417 561
352 368
57 213
457 469
513 610
3 25
479 542
461 483
414 434
686 787
116 326
752 781
492 604
21 186
424 457
66 134
588 682
479 536
503 553
26 323
53 180
627 675
366 394
349 434
104 128
483 566
504 514
698 873
626 664
105 257
107 913
647 675
965 986
517 905
687 779
402 495
686 840
169 185
171 904
726 773
754 777
0 290
373 566
67 170
453 498
242 299
496 565
85 322
123 142
378 483
378 488
239 313
400 409
360 514
285 313
348 372
141 272
350 497
604 651
618 679
688 697
599 681
258 295
441 564
726 780
408 560
203 332
432 460
414 581
40 132
578 627
753 890
824 840
819 835
141 323
686 759
422 604
82 98
797 849
373 641
456 493
0 125
378 484
695 794
823 840
107 971
363 521
754 828
695 815
474 489
172 261
739 797
391 475
78 195
595 661
271 322
98 325
221 303
603 677
519 557
297 322
921 995
0 63
740 831
25 122
119 188
584 679
122 169
378 553
375 479
122 156
414 574
723 849
446 475
417 492
0 340
290 342
438 507
248 291
355 475
566 580
422 609
107 928
107 601
428 500
360 553
835 838
21 284
414 553
107 927
619 644
353 419
420 563
460 545
716 797
360 555
728 856
966 978
400 404
9 67
122 236
537 561
90 179
703 805
67 199
86 225
599 658
807 843
378 524
792 830
56 334
828 849
211 222
110 259
394 503
460 524
360 415
355 497
793 809
80 173
784 834
597 653
0 19
322 339
654 685
913 968
98 123
703 759
463 517
402 500
567 645
508 542
403 470
19 175
436 580
573 654
694 829
806 822
627 643
272 291
791 822
727 849
897 927
21 304
686 798
734 853
815 824
370 414
711 853
374 566
815 828
374 460
762 814
376 458
589 677
139 281
547 548
119 329
697 708
444 545
409 462
48 330
415 495
566 593
123 342
863 882
432 545
25 119
9 322
758 787
373 515
395 536
600 628
387 444
774 853
400 683
394 492
348 460
713 721
166 173
31 51
408 417
107 483
694 726
98 148
348 403
773 827
719 734
747 815
107 935
374 497
60 322
108 159
419 526
514 614
66 252
348 450
26 252
53 302
362 495
414 575
634 647
687 759
444 500
755 814
360 432
409 412
400 544
0 30
97 182
433 563
402 422
489 531
540 560
285 304
387 395
29 247
185 290
727 845
460 475
38 178
450 452
952 967
729 863
19 138
14 214
352 493
25 290
483 559
709 848
410 500
695 777
54 329
348 456
128 271
373 525
98 119
455 528
62 98
134 304
360 506
180 254
75 323
737 843
916 978
6 147
521 544
378 514
423 513
456 495
517 976
941 984
419 471
161 203
696 780
628 643
592 653
600 635
201 259
828 838
373 497
373 502
695 805
686 847
811 890
431 614
9 170
698 830
376 673
460 495
432 544
27 119
856 888
26 188
573 685
781 824
0 181
196 330
420 936
353 493
525 537
752 847
483 513
828 848
701 845
213 236
747 840
9 122
428 525
199 212
577 582
79 185
694 848
575 579
355 373
702 839
402 517
766 810
724 766
877 885
582 640
779 838
727 854
348 405
745 810
414 665
199 315
48 73
21 159
748 793
402 543
726 824
804 886
119 313
433 528
359 367
503 513
378 434
349 534
654 664
852 855
816 833
59 186
392 473
713 774
355 460
592 597
0 86
806 818
366 538
118 331
524 553
175 263
391 414
695 752
917 942
482 556
41 44
148 224
24 53
747 838
686 773
395 525
118 313
432 566
403 519
107 997
599 665
739 805
724 773
698 871
355 547
23 83
835 837
414 656
142 323
713 847
370 567
465 517
357 505
13 313
485 563
713 766
615 635
80 299
348 518
250 322
56 272
376 483
438 483
348 470
21 197
419 505
709 824
348 501
373 465
916 982
697 820
419 559
0 264
617 685
203 285
439 507
446 487
500 506
694 805
482 496
517 537
354 463
72 232
460 542
819 830
870 881
323 341
104 303
48 53
263 296
739 774
693 824
662 670
302 330
56 252
348 392
520 567
698 892
609 636
363 544
713 777
698 703
688 853
579 680
793 850
360 543
515 524
698 861
578 665
493 560
582 595
14 312
436 523
122 161
119 128
697 840
679 682
650 670
400 482
398 484
186 223
643 662
200 332
828 830
588 618
188 277
398 409
432 471
428 676
352 409
701 794
619 630
395 545
395 527
810 834
706 810
417 444
439 477
374 669
136 324
101 194
98 271
392 423
107 905
946 968
391 460
458 489
618 684
754 848
920 921
25 141
698 886
456 563
442 475
23 51
8 264
348 362
722 784
404 542
896 989
376 481
738 752
376 513
493 514
726 828
455 563
348 489
85 274
339 347
738 745
427 496
222 238
421 543
686 854
20 44
137 310
646 651
465 669
712 789
136 339
503 514
107 979
348 404
484 580
751 795
355 455
726 784
597 654
625 677
678 682
75 274
370 460
739 823
719 727
26 170
824 843
113 186
373 471
728 809
16 332
107 910
21 55
48 180
21 134
147 219
40 271
82 123
493 497
4 195
612 664
597 609
219 319
211 272
132 303
754 823
155 157
824 848
456 517
493 537
66 304
348 365
232 285
364 399
438 452
66 122
404 465
107 977
693 828
158 325
661 675
698 859
858 895
834 842
0 337
0 39
80 330
482 506
765 823
26 72
417 517
425 479
300 320
695 778
579 609
436 604
686 850
25 221
742 768
545 559
476 501
107 929
14 41
0 57
696 805
376 500
430 471
66 67
412 507
475 514
584 682
903 963
439 542
404 566
713 844
874 887
710 853
16 82
7 347
771 802
26 265
434 517
718 809
595 627
517 580
456 527
146 313
605 617
211 304
497 517
26 199
62 239
419 518
500 513
107 414
371 460
348 477
780 840
805 843
417 511
0 231
188 297
395 553
133 183
392 525
113 121
773 828
863 878
944 977
465 483
596 677
598 680
473 556
933 941
197 281
119 171
374 402
352 538
592 682
392 483
94 315
609 630
686 804
366 651
959 960
80 180
19 112
439 561
701 842
53 249
348 422
0 49
475 553
749 757
666 680
592 618
553 669
780 824
747 773
377 383
700 784
354 531
21 136
438 493
583 670
204 346
67 158
9 128
512 556
46 175
488 496
820 845
686 746
752 766
348 468
494 536
362 445
67 248
400 444
644 664
297 324
373 606
728 838
921 980
784 795
698 864
982 998
251 281
688 747
423 524
484 913
580 936
360 373
450 531
715 745
916 925
419 475
737 828
360 461
232 298
582 662
220 312
760 800
654 683
0 158
119 170
107 955
41 243
387 523
751 828
780 805
150 329
625 653
888 889
393 399
360 395
436 524
213 224
622 625
406 437
56 82
517 606
40 298
348 472
0 183
396 510
272 281
493 556
392 394
30 271
410 555
504 541
107 366
357 369
686 824
460 492
626 654
366 526
601 637
748 817
680 685
579 626
366 417
708 719
595 675
633 653
439 525
573 588
348 437
778 834
713 840
720 790
709 823
708 827
705 745
438 503
863 886
630 636
103 211
538 560
0 265
559 651
0 16
387 428
348 407
866 881
439 566
310 337
80 300
861 863
252 332
109 148
828 856
414 603
758 793
439 553
56 323
67 308
556 673
403 546
951 973
376 387
737 805
586 645
635 643
752 810
405 478
373 431
834 853
698 860
460 465
605 630
721 848
755 797
107 903
236 248
483 669
686 720
397 477
636 680
368 479
354 361
719 784
239 280
376 570
0 237
756 827
573 633
350 546
370 559
51 237
3 67
805 842
6 319
632 647
0 333
30 213
395 497
266 346
686 803
374 412
603 609
394 556
373 460
359 403
53 242
415 558
823 835
412 591
438 496
402 425
0 42
26 104
271 272
376 527
360 365
280 290
474 500
698 877
56 169
10 277
402 417
9 141
6 95
348 457
797 808
582 658
422 438
381 551
98 261
363 500
374 569
142 239
20 312
34 173
107 970
24 180
0 89
402 570
123 239
795 820
686 760
434 563
80 315
357 397
423 527
36 309
741 823
213 322
462 517
531 539
290 322
0 270
136 246
428 567
350 397
9 304
436 563
368 409
774 823
395 524
0 114
378 604
544 566
724 820
783 817
431 669
353 475
373 408
573 666
809 827
728 764
1 53
400 561
354 474
760 820
773 853
492 542
370 544
711 752
62 322
573 605
609 619
739 793
348 412
23 155
697 748
765 835
370 555
348 555
206 260
792 824
694 847
463 570
429 455
513 563
104 318
373 374
760 766
697 780
203 324
412 566
107 991
409 456
404 479
710 803
703 797
0 262
188 291
456 561
792 838
170 290
795 813
747 748
348 398
770 799
78 328
496 515
658 662
0 14
728 741
159 277
56 285
494 538
0 128
705 758
402 438
423 669
0 138
482 517
705 842
582 599
9 66
422 481
745 755
303 345
709 777
395 506
0 163
149 312
482 507
551 554
59 82
13 211
703 815
629 637
605 609
423 634
366 544
353 460
107 988
178 345
260 339
695 711
700 794
348 401
776 887
152 339
355 367
428 559
13 109
824 837
492 553
740 748
14 343
745 847
686 836
7 65
735 769
714 806
104 109
814 829
686 717
363 374
779 824
0 303
819 823
158 332
705 844
803 832
0 79
352 484
0 72
563 645
363 402
402 515
99 263
544 557
444 473
495 514
488 517
199 324
176 239
273 306
186 222
686 812
623 684
475 548
315 329
0 196
395 460
431 465
376 460
400 461
113 203
428 594
488 513
754 821
0 280
119 163
583 632
0 56
758 814
641 962
172 238
444 559
510 528
348 360
31 129
492 495
590 644
392 487
414 580
55 104
414 658
62 130
348 519
91 201
465 515
419 424
261 325
128 334
118 172
82 271
146 148
361 405
0 10
389 516
484 520
722 738
689 732
492 561
373 496
373 397
414 595
577 627
39 200
376 502
686 825
686 776
398 430
705 808
9 258
431 456
348 550
415 428
374 513
637 639
254 346
238 271
180 242
185 297
40 332
553 555
540 559
800 830
3 283
88 186
24 299
422 592
734 849
706 752
133 271
376 442
781 793
686 700
0 209
41 226
8 201
348 440
805 827
455 504
412 484
87 246
420 537
436 556
616 630
662 665
475 566
456 497
630 653
391 488
706 745
686 710
640 647
359 555
737 745
856 893
729 856
101 180
815 835
769 774
400 420
355 361
394 479
395 414
128 169
48 126
143 278
747 805
819 834
475 492
779 835
416 567
615 627
580 641
5 235
633 644
478 508
394 515
348 441
3 85
686 855
368 456
628 681
94 302
0 102
789 806
421 457
706 853
767 839
412 504
170 323
2 20
412 676
726 754
25 224
573 575
712 714
0 172
265 342
687 739
686 790
734 785
805 810
107 906
376 497
466 531
362 412
729 888
525 561
22 168
859 885
599 675
161 339
56 207
98 199
412 528
439 487
797 827
397 516
395 645
119 146
0 299
576 650
118 203
513 553
143 321
717 852
896 981
703 741
423 431
414 662
118 268
619 684
807 823
686 711
394 517
376 438
122 304
694 823
704 848
413 460
771 818
698 745
705 720
463 481
196 204
239 261
828 851
0 275
403 489
686 838
370 397
9 186
0 347
690 784
926 960
497 507
213 277
146 285
494 537
694 810
730 783
415 460
305 312
348 447
1 54
695 830
916 999
500 604
160 260
628 647
224 332
647 650
422 654
705 823
686 781
503 524
513 544
107 992
713 818
734 805
404 428
458 555
461 606
376 496
719 824
360 388
590 591
104 169
400 580
436 438
620 666
650 681
492 515
361 519
109 158
408 556
434 515
400 601
751 830
650 665
479 545
376 524
544 545
921 952
616 631
419 525
266 302
122 342
723 734
0 112
181 306
119 271
574 621
636 677
103 323
67 213
450 463
515 557
456 494
388 503
469 505
619 623
694 798
67 332
172 231
400 515
348 355
463 500
373 556
214 312
213 308
353 400
500 524
13 188
391 591
372 444
24 94
718 764
0 118
428 514
104 277
67 82
400 415
414 667
546 557
395 567
396 489
85 156
492 500
39 313
510 555
422 617
503 560
372 422
175 225
409 460
678 685
698 858
55 186
438 488
724 828
489 547
595 650
708 797
394 475
24 346
686 765
515 566
946 960
9 69
536 561
617 680
378 614
107 994
966 983
728 730
354 510
31 200
632 662
370 492
221 285
728 765
369 554
724 794
370 475
747 770
794 842
373 513
455 466
167 310
695 701
428 460
24 80
455 529
409 521
445 473
741 827
504 562
617 626
414 593
947 993
363 414
705 845
0 108
542 559
739 740
213 246
322 323
302 346
23 190
465 538
139 159
713 800
618 680
598 618
896 984
463 531
98 315
473 525
414 423
231 332
246 285
243 337
897 995
400 434
694 719
933 971
444 506
522 531
348 525
200 224
542 580
21 170
446 517
169 248
408 439
553 634
128 211
758 827
257 295
492 524
735 800
808 809
452 497
418 506
359 474
487 503
615 681
486 509
353 936
686 828
361 474
475 531
915 930
932 997
635 650
686 842
416 430
483 496
718 787
697 842
708 828
513 637
50 277
67 196
754 840
428 604
705 713
705 755
745 762
479 512
161 314
41 214
0 301
432 570
378 436
752 820
368 375
367 378
507 545
483 930
694 738
465 604
583 627
867 872
25 246
686 841
694 697
494 517
25 332
14 151
726 823
378 426
373 387
719 726
106 329
392 503
34 414
618 653
9 185
413 415
711 795
199 238
783 820
483 542
370 430
756 826
128 203
17 111
658 670
506 508
696 840
396 422
400 487
392 431
824 835
773 820
22 308
436 506
0 239
362 415
513 601
0 312
405 563
186 272
412 512
169 280
62 318
465 507
417 465
0 323
352 492
527 561
422 593
414 664
705 738
98 118
113 277
651 905
31 291
369 486
698 879
805 815
395 430
366 408
763 820
686 691
360 402
484 526
107 933
392 527
810 853
782 833
0 343
713 724
182 253
738 842
370 591
0 192
0 255
0 71
119 318
494 526
13 325
458 482
248 323
414 618
922 946
348 420
373 580
719 737
56 98
375 404
730 763
370 645
747 763
0 6
249 299
703 747
392 412
643 670
705 803
82 261
866 894
686 822
21 169
135 184
118 252
431 472
541 563
415 556
47 301
372 421
697 848
507 510
604 671
188 315
686 766
412 533
0 250
719 747
75 304
713 845
395 560
107 926
414 634
315 345
582 627
497 570
701 754
591 683
698 889
348 448
503 526
830 846
484 525
376 610
123 334
916 966
391 417
456 503
355 553
764 823
430 553
686 727
40 113
774 843
200 304
107 980
6 89
395 412
76 270
420 596
348 389
119 280
368 527
591 651
728 819
618 619
574 584
474 557
781 853
380 424
392 515
299 300
766 800
395 511
780 819
197 320
199 211
21 109
400 500
59 172
26 280
223 325
30 178
713 787
437 463
46 177
708 849
455 522
420 451
408 465
632 643
686 752
639 678
86 177
686 769
28 151
213 291
404 506
946 966
169 315
400 567
373 645
492 506
727 853
142 280
370 669
391 493
41 144
603 654
116 226
4 152
605 644
98 128
734 842
727 848
414 652
797 828
617 620
404 440
107 975
281 309
760 781
703 718
440 484
408 561
107 998
942 971
99 278
414 629
178 329
463 535
26 56
632 665
563 634
380 505
432 483
736 746
686 743
705 800
107 968
780 830
696 845
529 539
579 639
369 433
506 523
526 561
698 823
373 412
696 739
414 436
229 334
80 92
360 442
146 339
598 625
203 322
456 523
417 566
40 304
105 119
966 982
686 708
686 779
604 669
363 370
461 591
481 539
828 846
563 569
98 280
829 842
427 428
559 614
423 586
500 683
119 277
465 487
719 760
488 527
200 334
71 230
686 731
457 554
369 419
694 827
465 484
517 524
82 118
614 676
3 280
304 332
506 610
917 965
211 315
186 271
408 483
512 560
0 197
143 175
707 767
123 200
687 765
135 320
686 744
3 188
107 376
420 513
373 436
304 334
28 326
589 605
792 819
25 232
392 537
497 542
927 947
501 564
620 672
724 827
573 672
446 548
686 748
746 833
698 805
428 549
92 249
422 682
830 856
497 510
703 709
583 599
56 136
373 548
408 526
16 172
107 960
432 571
420 507
503 538
909 955
724 781
366 936
580 930
517 525
460 559
553 566
573 598
395 456
428 497
54 119
40 274
897 967
500 517
369 509
423 683
391 669
774 819
686 768
391 483
576 659
732 806
718 748
200 276
506 520
374 417
465 601
473 560
59 342
732 791
21 119
322 342
694 760
348 394
325 342
492 651
901 938
713 834
31 84
366 428
827 830
982 983
40 213
942 969
400 511
84 265
0 113
726 766
706 784
285 315
460 479
348 551
694 706
413 448
400 419
615 658
420 439
122 284
574 616
213 242
784 842
670 675
265 298
396 531
397 418
784 826
412 520
798 855
199 232
781 810
85 272
277 291
695 697
56 109
414 599
766 823
25 283
355 528
348 417
537 538
348 496
428 517
418 497
142 186
598 636
392 493
438 524
947 999
324 329
728 817
484 515
378 414
397 544
367 483
582 635
348 369
388 444
203 313
368 431
620 653
414 644
741 781
591 641
414 678
693 837
515 527
469 554
246 308
567 610
89 319
272 280
395 683
400 497
446 483
360 523
414 647
79 119
38 322
694 820
599 640
376 519
26 128
439 442
65 203
473 542
376 402
118 238
402 475
56 315
272 329
795 842
471 566
45 104
388 421
723 770
0 191
109 142
752 829
388 400
705 836
713 794
729 804
463 555
882 889
367 475
726 781
0 46
957 981
595 681
703 856
353 524
927 967
414 606
434 523
412 609
21 239
302 315
392 514
356 472
433 533
439 465
19 115
0 73
457 516
177 278
856 876
414 577
452 463
538 566
566 676
414 631
412 422
630 663
789 833
381 509
36 281
688 723
145 179
695 713
53 266
88 242
25 188
200 252
115 192
595 600
745 823
879 881
583 615
162 326
188 342
388 404
444 488
434 458
412 645
747 800
368 493
637 678
490 502
856 863
713 850
188 208
588 592
408 559
728 820
432 569
698 708
694 705
348 524
576 615
559 606
413 542
0 9
116 149
719 800
348 356
354 519
697 844
515 614
161 252
59 98
770 828
483 954
686 755
363 483
863 876
0 245
376 548
764 817
387 561
412 423
777 829
615 665
140 214
857 862
819 828
714 725
137 312
40 67
107 921
412 542
9 342
688 696
414 601
457 486
507 513
615 662
378 495
630 664
492 513
417 523
9 161
428 484
414 654
732 788
85 323
89 327
415 465
444 520
357 459
126 260
400 408
713 831
507 525
412 593
506 604
252 342
107 920
170 274
972 983
758 817
46 278
526 637
0 12
815 819
68 99
718 745
409 419
419 487
119 285
353 560
689 839
706 713
603 611
14 116
224 291
376 645
67 142
122 332
596 618
524 542
573 622
348 464
444 460
9 169
621 622
417 544
414 480
828 845
363 419
78 181
925 946
382 555
370 553
184 320
359 491
355 546
978 980
348 565
109 186
21 248
423 523
500 527
632 658
19 293
388 463
800 805
352 412
745 781
650 662
438 475
133 322
184 284
436 517
172 329
198 549
781 814
686 853
414 582
414 672
711 724
823 824
640 650
13 67
861 878
828 837
611 618
432 451
391 458
64 119
55 67
444 531
724 826
239 295
526 968
876 878
641 651
438 500
459 518
200 271
934 993
724 752
497 506
395 542
67 156
252 271
137 326
698 719
2 226
688 792
348 521
459 486
348 509
995 997
715 834
497 538
354 489
457 551
394 438
388 496
374 521
636 685
129 347
616 663
620 636
236 272
0 247
409 493
916 972
731 774
728 781
395 591
122 285
48 80
420 432
261 265
960 966
604 676
471 475
686 695
113 271
132 315
277 334
408 503
414 630
408 512
67 342
600 632
385 436
180 187
172 232
119 324
119 248
724 726
25 272
99 143
119 325
686 730
823 838
374 463
432 514
269 329
28 310
857 868
363 388
391 515
258 291
538 637
728 824
195 218
959 972
136 304
107 939
736 850
238 325
517 651
118 199
410 474
38 339
661 665
727 770
26 257
0 141
416 494
348 529
422 520
0 292
348 424
520 563
9 148
156 272
686 726
507 524
0 271
19 343
713 742
415 545
428 601
438 606
20 333
277 322
487 556
603 619
715 805
249 346
359 481
122 323
563 566
200 285
1 126
376 420
5 87
387 417
185 280
686 817
0 150
402 544
366 497
781 800
477 518
871 881
781 830
366 391
451 556
774 800
51 83
465 511
360 513
400 537
417 527
500 645
459 551
423 503
942 984
26 141
723 766
424 505
428 507
460 482
605 680
766 826
21 232
417 445
515 637
404 526
598 605
871 879
128 186
870 895
442 531
373 634
173 549
780 823
573 636
434 436
213 315
706 719
127 135
739 828
88 236
45 142
62 200
507 526
417 556
695 766
395 620
917 919
591 634
360 561
378 506
824 830
713 773
597 625
708 824
87 339
0 136
19 289
451 553
204 277
903 917
456 513
134 203
708 713
559 591
414 610
104 332
59 118
395 438
560 561
741 828
691 822
412 442
26 313
703 820
370 461
385 483
153 280
619 653
690 820
254 299
395 479
438 473
686 705
408 412
731 834
475 488
387 438
414 648
0 204
414 585
130 346
477 485
373 388
55 252
186 213
719 847
587 634
363 373
633 666
212 239
186 345
719 764
475 482
211 261
800 834
59 203
348 556
592 621
223 246
589 654
696 795
484 517
111 137
475 555
26 158
513 561
729 878
186 285
456 506
469 563
348 436
725 771
589 617
456 465
500 547
382 500
484 511
713 823
252 272
394 511
0 120
628 661
694 710
525 559
348 503
576 681
463 557
408 517
622 623
414 675
744 848
40 172
773 774
643 681
0 225
786 829
39 277
792 803
56 276
640 670
414 645
455 568
0 13
271 298
53 54
746 782
705 724
686 701
698 810
119 208
745 787
414 638
158 291
630 641
40 232
553 558
82 172
734 756
417 460
348 352
196 249
517 556
0 164
56 72
422 497
79 188
686 692
371 542
348 383
752 828
0 31
512 536
367 396
798 852
619 633
144 343
67 113
583 600
715 738
31 67
353 514
21 104
362 558
745 814
436 634
243 310
7 308
640 659
0 23
511 545
252 265
764 779
627 647
67 203
112 174
353 482
500 520
421 493
366 374
489 555
378 482
725 732
705 748
5 169
376 444
438 566
754 779
814 853
202 329
559 561
576 578
697 727
697 726
0 94
423 606
24 194
366 514
122 176
483 984
738 829
727 756
34 428
374 475
374 465
600 640
797 809
488 497
525 527
45 303
87 322
207 322
200 297
703 843
760 823
170 313
368 462
122 315
322 329
397 439
507 557
781 834
0 110
537 569
24 249
252 324
378 431
89 219
86 175
493 557
727 830
592 633
242 346
428 591
451 503
432 439
393 441
718 817
275 328
793 849
632 640
0 242
738 774
807 828
768 789
375 493
686 723
367 403
388 415
402 444
412 544
98 104
391 456
130 257
698 798
348 353
376 507
96 213
348 530
753 769
800 827
26 119
186 303
0 302
686 750
56 223
73 299
25 76
333 343
703 754
122 141
334 339
400 517
0 127
686 831
22 87
376 414
643 658
698 800
779 840
497 545
180 299
0 338
402 553
694 828
745 747
405 531
430 525
400 641
861 876
579 654
577 643
636 644
394 544
397 402
95 327
422 474
107 986
509 518
0 334
458 470
107 995
762 827
26 315
400 539
504 522
455 561
387 556
149 326
348 408
277 342
446 492
506 513
465 475
947 978
544 645
69 121
352 431
39 257
745 799
0 80
415 473
461 475
740 817
25 285
16 29
194 266
423 500
691 833
456 520
0 215
366 515
238 313
348 513
26 200
456 559
686 724
927 946
524 559
236 315
430 483
455 546
542 591
261 313
373 604
203 265
354 470
252 308
612 680
419 540
67 128
589 664
654 678
355 403
422 555
815 838
686 805
188 280
400 512
163 249
927 980
739 758
382 410
412 526
348 462
766 830
348 546
363 669
239 322
597 677
633 680
0 256
370 373
348 416
403 547
197 309
959 983
107 526
391 487
917 954
598 609
723 824
542 567
186 221
479 520
419 484
726 853
226 312
431 537
104 203
719 794
917 969
412 488
119 217
726 820
758 781
373 438
592 619
525 538
301 324
409 536
708 811
25 104
277 332
726 834
438 461
417 542
719 756
705 772
82 203
78 306
364 476
781 827
422 547
478 496
0 182
754 773
398 404
7 315
525 563
142 252
713 762
67 109
348 431
639 682
376 531
611 677
783 849
736 816
687 764
105 236
397 458
22 347
818 822
223 261
374 431
26 62
511 566
87 315
113 122
716 728
0 193
747 803
760 814
348 506
400 559
475 561
440 449
25 158
400 456
900 919
628 665
566 637
204 330
26 203
590 623
67 72
408 487
830 834
214 333
941 954
0 319
370 378
589 592
747 856
366 496
686 835
764 783
686 789
762 810
280 315
101 204
107 951
446 539
517 553
484 968
354 450
781 784
752 773
698 863
361 500
705 718
705 761
703 792
739 787
56 113
178 206
614 645
522 539
203 261
726 778
902 981
694 731
348 567
425 570
475 676
122 271
357 389
394 620
966 999
614 669
752 823
696 727
720 755
239 272
497 500
45 122
131 278
404 560
915 962
760 829
29 82
217 324
579 622
122 281
713 851
423 587
708 755
378 563
751 842
469 518
353 431
9 280
627 665
579 590
461 561
426 513
399 564
25 271
26 276
694 800
407 510
271 313
461 523
510 513
389 486
493 538
653 672
181 328
805 847
370 456
395 408
713 828
389 949
381 389
484 544
824 838
487 559
650 659
718 827
796 806
461 525
738 853
348 537
695 824
3 72
697 772
409 479
376 646
630 657
804 878
727 766
496 580
414 461
578 659
186 341
387 461
647 670
461 492
483 484
696 774
697 849
616 625
409 512
95 147
728 803
886 889
119 339
236 297
370 412
388 483
122 297
0 234
637 669
592 603
373 446
104 113
496 507
431 563
390 539
436 478
475 484
376 555
404 511
434 475
350 384
662 681
462 538
412 560
431 493
398 527
438 511
431 525
348 494
462 536
417 497
397 419
686 698
36 320
348 382
213 324
423 436
597 619
366 542
402 563
520 553
257 280
543 558
162 343
460 506
414 615
0 189
784 828
402 508
7 304
180 266
579 597
914 915
203 272
21 235
348 544
764 838
400 488
578 632
398 561
694 815
259 264
25 73
473 503
473 479
348 393
224 232
573 579
483 561
428 436
737 773
370 374
348 458
25 103
374 523
376 604
474 475
523 553
431 512
9 176
158 242
148 272
807 856
141 271
41 337
25 83
497 555
423 604
574 663
861 889
594 667
694 695
566 936
122 128
647 665
395 520
0 77
921 927
41 140
417 538
428 526
428 651
387 400
373 544
402 520
460 497
65 339
376 396
711 784
586 587
694 713
391 563
40 325
517 520
475 545
439 451
573 664
353 388
580 591
921 993
823 827
514 559
208 277
810 847
387 514
62 142
26 239
113 239
483 517
459 516
376 557
412 517
718 803
483 919
734 847
106 231
115 144
388 475
23 61
391 561
766 784
599 662
0 37
690 713
363 378
348 516
525 566
408 537
402 421
391 553
484 500
170 188
403 458
437 467
704 770
366 475
728 807
455 541
17 41
353 601
921 934
368 398
142 322
208 332
752 842
782 786
107 932
515 591
432 452
695 844
896 957
686 741
109 331
514 541
62 341
687 807
13 252
574 596
249 302
722 768
59 239
55 203
483 976
730 764
119 261
3 122
107 964
141 276
714 822
520 527
488 556
705 849
609 626
952 993
436 591
170 252
697 800
23 124
513 517
198 351
436 525
400 524
698 874
375 408
696 697
366 524
119 297
465 566
9 79
375 494
23 267
780 835
373 402
752 853
348 376
606 963
619 685
703 838
107 956
0 342
636 684
414 611
583 635
348 367
348 439
348 366
170 332
3 200
0 11
698 876
115 137
870 879
104 142
199 222
414 602
795 829
56 277
87 161
584 637
144 326
119 122
199 223
417 428
432 510
589 603
765 792
701 781
402 463
465 513
180 346
366 976
755 787
220 262
393 564
372 543
0 61
445 493
395 512
827 828
133 188
161 325
107 938
739 754
404 483
400 432
688 849
431 475
599 635
698 828
409 561
107 389
698 857
506 527
828 842
148 185
897 953
480 593
901 992
915 948
285 323
98 285
169 332
500 525
248 332
632 650
719 781
236 280
355 359
188 252
246 322
172 199
815 830
728 787
142 200
62 67
130 300
465 558
653 680
711 738
396 548
574 630
236 276
493 500
428 915
141 257
391 497
56 103
415 463
523 570
414 609
40 169
0 310
25 84
134 334
49 192
620 644
376 487
131 225
353 446
686 784
122 325
747 764
539 560
396 474
425 456
960 972
370 465
5 158
0 166
186 236
392 542
31 109
158 339
31 308
432 506
423 591
615 647
39 280
694 703
120 136
26 322
122 200
444 544
400 513
25 39
770 820
350 484
497 561
708 840
414 506
579 592
21 105
57 242
780 838
362 413
774 810
0 240
252 313
0 185
3 9
1 48
395 404
690 853
25 270
242 254
806 850
26 308
686 762
181 275
450 475
21 40
519 555
584 596
805 840
941 945
900 908
467 532
695 719
375 484
26 134
567 590
726 821
378 492
897 922
169 318
113 199
111 312
211 238
431 492
370 561
10 285
780 834
48 322
496 506
104 123
558 604
355 382
765 856
107 954
703 787
353 637
658 661
793 808
814 834
26 55
363 524
66 334
728 805
458 507
595 658
694 696
481 531
0 224
169 236
323 332
395 452
355 519
600 681
392 492
579 605
79 271
705 831
705 726
359 489
573 684
360 370
713 816
514 524
21 334
360 510
522 529
475 519
360 362
67 323
362 492
370 540
212 271
374 418
719 720
693 734
348 359
506 591
113 252
604 637
946 967
353 566
733 786
26 291
360 548
856 889
439 506
67 104
484 493
368 374
719 755
0 212
777 779
431 538
7 246
461 506
68 227
975 981
805 838
766 853
805 853
311 344
508 541
376 395
589 611
357 424
504 570
981 988
475 487
686 713
573 589
368 378
134 252
669 671
703 764
9 199
524 606
578 661
348 507
352 517
694 842
26 98
348 515
438 513
695 726
352 394
387 570
412 548
579 685
73 130
834 844
524 566
688 752
494 561
609 623
25 331
0 321
221 322
373 520
826 842
373 428
353 651
688 766
436 475
430 432
432 521
355 543
353 515
546 555
204 213
460 463
2 326
376 525
376 559
450 548
696 724
360 544
414 600
428 438
437 499
376 634
374 488
363 412
107 982
688 754
567 580
197 251
717 798
67 315
22 185
0 288
665 675
519 546
693 705
31 237
373 637
389 457
67 325
641 915
376 423
45 221
916 952
376 410
261 342
505 554
687 819
251 309
110 264
524 561
370 604
518 563
26 212
686 742
771 806
738 794
0 187
695 810
483 671
838 840
402 542
589 636
233 256
392 428
348 485
392 560
419 483
92 242
432 456
600 643
630 631
815 853
423 428
556 559
36 135
408 484
824 847
705 805
429 522
17 116
415 444
378 465
713 752
430 563
107 952
414 587
417 493
122 213
368 404
0 202
68 225
785 846
544 553
513 525
123 186
0 328
203 268
566 591
763 787
414 646
108 272
21 184
374 527
695 842
31 304
315 339
107 538
366 460
0 170
308 329
14 115
752 759
414 636
724 805
41 326
805 828
30 322
422 455
28 41
582 659
579 623
503 525
473 561
732 802
395 604
439 520
374 504
469 540
362 570
0 3
698 856
414 650
236 318
374 391
626 644
271 314
423 497
599 670
438 495
545 566
103 169
645 671
374 419
465 542
421 563
56 221
25 236
428 508
756 805
32 93
9 133
395 461
431 436
431 606
56 199
388 497
75 85
599 647
25 65
21 274
414 685
432 482
542 560
731 766
444 449
395 544
391 491
731 752
56 297
420 430
348 442
439 513
348 534
363 376
422 523
0 198
412 418
537 545
23 230
497 527
631 678
397 481
394 542
374 520
417 545
134 277
465 561
0 206
708 724
200 236
603 684
596 604
0 38
747 765
9 142
492 537
348 554
395 678
359 547
118 222
573 626
428 570
778 819
686 761
615 643
463 542
186 203
483 497
426 563
224 322
695 834
698 772
170 203
86 227
612 678
497 524
109 203
483 896
388 559
354 396
119 269
703 819
107 962
579 620
226 343
100 119
366 559
400 566
148 229
439 456
731 827
770 777
0 121
592 672
455 553
739 840
423 538
424 469
510 553
96 190
789 818
397 485
453 468
800 811
615 632
376 378
709 805
107 629
0 259
686 709
726 752
687 728
81 269
481 504
728 780
576 583
417 559
107 934
778 828
30 73
556 676
404 408
686 745
506 524
731 828
475 556
355 515
4 218
376 412
484 651
482 565
567 651
350 527
426 471
747 809
117 231
705 810
764 781
363 368
439 544
213 345
134 248
0 66
686 780
756 847
414 643
686 852
605 654
483 503
710 847
812 828
239 303
760 805
579 612
348 552
402 465
122 232
737 837
363 517
776 872
444 513
747 849
2 149
376 390
9 85
363 976
428 669
466 504
747 758
438 523
391 503
419 428
348 486
0 322
408 488
452 555
388 465
482 548
653 677
370 452
374 553
471 507
353 538
152 275
0 142
188 341
40 133
176 271
373 517
211 268
782 813
172 203
412 525
348 350
204 242
363 637
458 510
59 252
348 414
752 834
815 856
51 84
768 839
695 780
0 171
647 659
156 188
376 419
107 563
230 253
553 609
56 203
470 547
142 158
764 827
104 239
378 471
455 539
397 421
104 322
732 818
705 773
395 413
13 265
643 661
366 492
99 296
56 325
304 315
107 923
609 654
87 213
822 850
487 513
724 830
348 406
7 103
416 465
861 888
376 515
414 668
400 538
577 662
348 423
465 524
387 408
414 556
353 542
188 239
313 339
20 41
416 503
84 236
291 315
121 315
500 537
353 641
776 867
707 816
367 548
98 113
85 258
618 630
766 828
213 231
56 200
122 142
773 815
170 277
168 291
488 512
484 538
113 119
0 229
400 525
141 239
422 489
719 817
519 547
122 345
396 470
483 606
653 654
458 545
457 509
696 853
686 823
470 519
762 799
718 834
168 339
72 252
82 222
589 609
559 566
627 658
523 545
75 188
363 553
397 554
508 544
211 265
597 603
0 277
457 477
513 645
713 824
375 456
120 247
451 567
827 842
107 942
373 587
773 847
479 538
56 238
592 644
48 57
363 409
645 646
348 427
497 520
932 980
353 404
438 683
313 325
475 524
761 772
348 502
484 567
697 754
139 184
946 991
661 681
0 41
713 748
56 134
825 864
743 782
635 661
686 763
98 238
274 323
504 546
644 666
380 457
418 555
776 874
363 461
428 558
482 483
414 641
697 753
687 817
48 54
98 211
460 547
493 512
366 606
369 397
739 747
361 481
584 631
804 888
580 931
705 809
25 203
612 619
412 483
0 161
92 346
375 409
363 606
9 25
159 345
348 364
636 653
781 849
26 285
277 290
497 544
516 551
385 423
876 888
651 936
375 525
474 531
917 984
623 636
695 706
387 415
754 838
92 330
408 524
436 651
0 134
445 460
479 513
50 146
0 135
408 430
724 853
104 200
417 507
213 239
348 487
418 463
224 261
736 782
350 455
211 285
376 591
823 843
25 276
428 553
0 180
408 461
429 466
172 211
866 895
659 662
236 322
52 192
731 810
394 601
544 604
53 346
249 266
361 557
538 651
53 260
542 553
21 345
227 278
774 820
605 677
376 514
17 144
435 555
542 606
353 376
348 511
619 654
487 525
40 141
272 285
59 238
483 514
603 605
428 452
792 823
493 494
199 200
56 66
425 434
348 363
132 334
142 285
713 745
698 882
493 511
402 567
420 514
578 615
465 471
606 614
396 500
137 289
0 233
372 429
686 758
792 805
352 479
436 561
392 500
101 254
16 118
513 514
583 643
720 774
444 538
752 800
412 482
355 412
196 285
426 546
431 438
0 175
348 561
0 176
348 540
583 681
719 766
414 594
495 520
599 659
461 567
405 418
369 551
165 342
350 543
545 553
611 654
373 423
88 126
388 567
792 828
376 506
617 630
352 404
686 689
736 818
710 810
475 542
431 651
696 842
460 507
520 561
483 538
273 328
254 266
523 563
483 604
187 299
483 641
17 310
107 517
781 817
0 146
578 670
132 134
414 637
906 966
422 579
810 823
370 523
25 113
105 315
364 393
374 456
707 746
395 537
172 298
713 853
823 830
488 553
67 188
522 568
348 381
417 479
127 251
142 169
105 272
242 322
654 680
348 572
907 980
475 563
376 428
705 827
397 444
723 826
272 277
204 266
953 995
147 319
109 322
483 515
600 615
500 637
348 425
767 822
412 436
376 511
414 619
395 507
561 591
595 659
573 677
705 737
713 772
224 315
257 322
731 853
0 291
513 641
734 803
203 211
508 534
578 640
348 400
188 272
57 277
504 510
82 211
507 566
537 559
131 177
67 324
465 526
372 547
691 782
635 640
543 546
381 516
107 651
368 371
719 728
423 484
355 470
378 428
92 194
378 641
419 493
0 273
438 460
142 308
21 313
597 680
687 820
66 142
483 492
352 462
556 652
500 565
730 747
579 603
544 676
378 527
0 320
374 591
376 586
9 291
592 611
88 303
773 780
360 460
0 203
705 834
506 514
380 516
13 82
184 281
497 565
0 34
159 197
366 553
378 676
803 820
747 807
592 636
514 537
376 432
14 149
705 752
495 544
25 297
596 620
753 889
374 535
170 334
94 299
29 118
414 620
82 148
595 640
722 853
277 311
531 543
369 516
370 542
515 553
524 567
366 395
53 196
718 797
246 339
420 484
500 548
20 162
0 130
483 526
159 184
513 524
55 170
89 147
762 805
374 376
719 827
545 563
348 380
428 606
26 332
677 680
21 277
412 461
545 558
578 675
127 309
466 481
170 200
436 527
378 637
117 285
127 159
414 632
161 304
348 479
423 492
731 745
374 451
354 359
705 829
0 266
348 553
422 584
686 772
370 419
885 887
67 285
355 463
741 807
733 782
359 530
185 322
724 821
367 490
383 387
0 243
609 653
525 545
431 559
705 830
724 814
426 531
705 715
420 567
391 548
422 630
26 295
409 517
597 633
428 542
580 601
694 752
953 993
414 465
0 345
419 561
0 207
363 591
484 536
107 967
815 834
387 517
662 675
486 505
619 677
98 304
506 561
588 619
203 341
93 137
122 235
56 62
465 500
366 484
119 150
932 982
366 493
180 196
161 271
941 969
686 757
782 829
111 337
712 767
428 683
67 169
266 330
506 517
129 339
107 902
414 626
0 104
5 316
21 325
373 413
98 170
414 576
556 614
768 833
378 566
414 657
101 317
56 188
782 804
824 828
423 473
397 457
601 609
451 471
719 772
596 678
428 545
526 538
689 789
119 125
536 538
373 523
185 315
471 514
30 48
599 628
9 252
686 751
428 513
712 822
35 143
452 553
497 567
0 331
150 217
24 242
772 828
544 561
858 870
503 527
391 514
364 564
14 28
713 829
25 185
512 545
394 683
421 504
451 561
697 835
57 92
92 204
737 820
450 500
584 618
113 142
213 332
360 520
658 681
424 516
773 834
365 520
784 829
0 222
686 774
173 414
672 678
98 265
363 432
360 495
438 561
657 682
418 523
606 645
730 849
212 252
363 455
512 526
409 503
194 299
56 75
764 805
422 680
41 343
130 204
524 544
0 327
370 524
579 588
523 534
741 770
713 848
373 559
373 473
625 654
799 845
407 433
686 738
370 507
589 597
21 272
41 111
840 848
578 635
392 561
402 432
747 819
698 862
41 151
414 608
25 325
115 312
106 332
590 612
694 784
184 272
109 271
21 26
713 830
40 307
98 172
408 536
72 165
713 722
194 249
0 109
409 542
397 514
694 711
578 647
391 614
715 842
223 271
473 483
479 503
650 661
460 520
26 69
388 438
741 820
617 648
373 491
643 675
198 348
141 172
10 142
422 655
616 639
203 304
226 333
224 271
260 322
0 173
470 507
212 232
0 26
423 560
686 775
579 664
456 525
200 223
445 492
515 559
414 597
26 40
686 702
50 314
107 917
579 677
0 152
239 325
271 331
450 539
705 799
66 113
577 578
686 837
698 880
373 439
506 521
512 538
107 985
271 315
111 279
107 949
366 548
465 493
423 461
67 223
588 617
773 784
77 117
711 828
728 792
773 821
0 283
355 555
140 144
102 296
695 840
417 483
688 819
421 545
719 731
50 119
688 695
544 559
348 435
659 670
686 778
443 453
776 885
592 626
755 836
444 517
701 834
705 843
98 223
392 497
507 553
376 566
122 136
419 492
520 544
211 342
26 224
590 617
376 556
531 546
686 706
583 595
348 432
26 172
387 559
768 822
0 169
748 830
527 559
770 803
86 278
161 199
59 211
612 617
430 493
404 419
515 525
483 651
471 524
21 308
82 268
0 285
28 149
640 661
697 713
21 66
523 561
720 793
705 754
370 520
713 842
285 332
527 553
17 19
25 169
162 333
822 839
0 249
513 537
107 596
463 475
67 277
394 398
0 25
68 177
115 149
56 172
725 839
375 431
627 662
583 650
5 156
452 559
461 653
427 563
513 604
901 958
460 553
348 459
376 561
799 835
126 322
553 645
48 130
394 559
370 646
450 519
876 886
493 561
40 258
170 304
428 561
91 245
661 662
21 123
754 830
491 502
520 542
373 450
440 525
819 848
348 385
418 510
0 64
361 555
376 413
728 835
414 513
592 678
0 238
748 797
367 553
119 148
592 616
770 849
0 341
178 231
419 527
369 455
0 20
156 235
573 680
376 417
591 604
423 475
173 427
705 824
402 561
363 936
21 200
113 158
465 544
484 527
258 323
107 941
417 500
496 523
694 773
741 800
119 331
107 924
857 871
731 815
107 984
395 637
462 525
703 705
591 606
492 497
719 768
596 655
53 204
350 552
686 693
368 525
180 204
493 536
10 291
431 479
403 553
539 568
359 396
59 325
455 531
471 515
165 188
0 213
577 632
142 161
395 419
510 563
810 814
0 82
188 334
544 683
484 497
728 779
598 654
450 474
392 460
726 805
122 170
0 295
686 749
180 302
686 688
747 837
483 524
422 432
737 824
709 754
458 553
804 856
414 640
98 239
706 805
719 774
0 165
4 78
376 553
151 310
515 641
867 873
107 931
726 760
203 334
195 306
745 790
856 861
98 200
620 630
67 290
199 322
45 132
13 59
382 403
348 433
393 501
436 484
755 827
705 741
745 784
759 828
430 566
56 332
514 580
258 272
455 500
105 148
819 824
897 991
436 513
728 823
774 807
397 432
362 371
184 309
706 773
378 500
653 678
374 420
647 681
597 644
402 545
56 132
348 387
417 553
236 271
475 489
10 67
352 542
531 555
109 324
67 212
764 797
101 302
524 527
772 827
348 390
431 545
55 277
722 737
659 661
414 679
579 611
438 465
257 258
58 171
0 100
503 511
422 678
395 428
703 831
404 538
68 296
489 557
404 494
412 549
350 419
428 506
91 193
252 277
688 727
366 376
372 410
553 666
719 845
367 504
423 637
366 580
208 285
9 295
726 844
402 451
7 322
272 320
765 779
600 627
136 146
53 130
163 173
348 488
0 21
127 197
479 517
0 311
133 141
64 217
527 542
108 320
200 323
261 271
378 580
719 762
694 853
946 947
435 518
56 128
600 661
28 312
0 325
738 805
723 830
13 26
410 463
461 524
716 770
58 107
422 618
0 29
9 113
856 864
396 555
370 432
595 635
412 473
396 570
130 191
21 98
492 538
185 188
136 213
109 285
867 887
370 683
493 545
687 783
796 822
747 828
115 343
449 563
421 465
713 734
402 506
696 829
697 834
579 616
878 889
503 567
82 119
366 483
434 496
409 497
520 524
97 230
92 254
107 996
698 811
170 185
727 842
280 329
640 643
181 273
422 619
403 452
507 561
122 123
531 563
500 563
500 580
788 806
378 496
57 320
514 683
370 565
553 567
10 323
456 462
370 548
0 315
500 521
348 469
245 259
376 436
196 254
203 342
705 807
465 683
374 556
686 716
483 493
9 72
348 522
457 505
67 303
244 282
696 747
398 538
600 675
690 831
367 519
438 676
25 239
41 116
575 612
729 889
353 417
348 410
417 506
461 553
0 91
716 763
374 444
21 323
17 140
507 514
758 809
414 622
353 606
636 666
812 815
375 538
432 563
963 992
496 566
805 823
395 400
828 844
686 849
705 728
26 161
177 225
378 561
924 954
108 184
53 92
820 831
583 665
514 517
361 562
432 546
456 537
724 760
188 304
686 806
765 807
19 227
634 645
439 471
0 284
410 547
376 538
107 993
56 341
188 224
404 445
714 789
25 94
367 525
391 580
0 289
741 763
373 400
199 325
727 847
800 842
353 496
436 461
618 682
223 239
96 274
659 675
702 789
518 551
702 732
349 478
113 165
353 391
20 326
123 261
103 136
40 257
414 649
348 391
354 497
560 565
483 520
592 609
25 148
710 711
686 699
118 342
938 992
555 557
445 463
427 464
412 547
653 664
450 497
412 455
394 566
693 834
596 630
696 778
917 964
53 94
408 431
348 500
793 836
731 784
56 118
21 280
686 729
369 457
747 831
404 525
387 567
376 431
370 439
578 600
504 529
348 517
186 323
348 402
121 280
374 507
100 189
461 507
645 651
460 515
496 641
128 170
367 391
507 559
760 830
25 98
0 27
132 242
817 830
376 490
378 651
107 901
170 341
9 334
404 545
19 174
7 87
804 863
67 297
98 332
458 496
423 465
475 490
0 126
172 268
363 566
402 482
419 430
705 764
686 821
360 417
94 204
688 856
724 842
729 876
378 513
26 79
348 428
475 483
531 568
513 634
824 849
40 199
686 793
677 684
414 639
412 529
156 258
214 230
21 223
378 394
592 630
423 558
436 652
688 774
483 525
400 445
107 363
67 141
496 517
509 516
438 634
119 229
25 105
925 927
687 774
400 503
738 751
862 865
315 322
475 507
107 943
582 615
718 793
21 88
359 455
487 492
59 250
466 539
374 414
419 422
686 839
348 547
481 522
616 657
805 880
752 774
536 545
378 591
483 948
400 556
1 92
348 378
500 651
828 834
805 831
686 736
724 795
431 683
438 525
359 557
249 315
359 376
615 661
477 554
505 516
483 591
734 846
394 614
118 271
513 557
690 731
609 644
582 650
348 532
469 516
417 537
491 548
781 783
787 809
484 503
211 325
414 625
348 396
686 813
378 515
200 280
239 265
687 805
59 271
0 88
268 325
67 161
452 557
368 500
869 890
92 266
188 271
391 512
271 290
53 317
423 614
50 109
367 481
107 976
374 614
954 984
479 511
13 271
406 532
428 563
408 473
223 265
517 545
34 348
75 170
575 617
252 291
592 680
872 874
135 197
760 834
414 660
817 850
374 432
103 339
829 847
224 236
511 561
261 318
197 272
446 482
508 520
395 630
460 570
429 529
88 164
609 612
14 20
809 817
0 316
370 515
359 391
515 555
0 228
63 261
603 644
421 570
523 524
805 830
0 236
372 570
397 570
686 856
465 580
67 79
373 614
497 559
772 845
632 670
431 514
917 944
362 463
724 778
504 531
397 504
512 525
94 266
431 440
462 487
99 175
414 431
423 559
378 487
483 494
686 694
867 877
934 952
601 976
73 88
738 826
107 981
354 397
186 325
395 436
192 205
109 314
728 797
733 768
414 612
496 508
604 645
395 513
428 492
820 823
80 101
829 853
417 570
0 131
423 646
13 65
299 330
348 538
400 542
538 542
490 523
0 32
438 553
391 484
686 832
418 557
686 799
815 823
98 276
792 837
625 684
716 718
9 277
56 231
437 462
419 440
187 302
770 781
373 475
363 656
414 666
698 747
384 464
391 539
13 199
373 461
686 722
402 412
630 678
275 306
26 248
689 712
238 261
686 732
687 718
414 514
368 517
373 651
626 677
436 465
56 59
774 805
422 657
96 224
172 239
779 792
128 172
503 539
137 243
139 251
787 823
507 563
622 684
376 637
404 421
392 475
917 933
348 374
21 31
644 680
25 257
761 848
561 580
60 239
369 381
373 524
198 393
573 623
400 438
391 544
308 323
398 536
825 884
109 200
573 618
745 773
82 325
107 897
30 236
428 524
285 342
787 817
369 477
392 559
19 319
716 799
65 82
413 463
829 834
28 226
599 615
655 657
186 252
7 339
460 535
432 513
417 461
703 880
0 241
8 193
693 697
24 187
422 685
456 473
412 494
698 887
503 559
733 839
129 168
815 847
376 488
823 856
277 280
420 465
917 992
493 566
597 630
720 745
876 882
368 497
718 719
596 917
0 58
688 821
620 678
370 436
88 178
764 824
686 808
417 513
21 161
755 793
360 444
705 853
366 434
0 111
697 721
696 745
615 675
248 265
72 239
680 684
388 452
576 627
92 94
21 322
806 833
231 329
94 242
587 645
252 322
771 850
203 223
446 490
369 469
577 640
98 203
131 227
824 827
611 680
118 261
67 345
71 307
127 272
719 724
423 651
30 188
80 213
506 545
628 632
412 527
414 496
376 463
422 663
385 524
777 824
561 683
353 370
277 324
458 490
421 455
56 331
299 302
7 22
367 489
438 456
50 148
736 742
492 669
367 491
460 514
252 345
304 347
402 524
444 570
517 559
422 596
691 746
82 314
0 190
53 213
434 604
242 249
600 662
578 662
10 169
596 639
378 417
403 555
409 492
872 885
158 168
65 118
718 814
417 508
374 570
200 239
29 231
738 795
388 557
378 517
170 223
544 570
252 315
360 438
0 230
391 527
111 214
159 172
705 847
475 502
896 954
483 527
236 314
385 461
455 569
686 797
133 236
88 130
352 398
184 197
686 721
2 343
324 331
376 388
547 557
378 559
784 827
10 332
784 824
199 203
428 463
79 272
781 815
724 777
370 483
632 675
172 271
0 92
496 637
363 507
107 353
465 557
56 304
359 475
438 563
204 254
449 504
374 500
694 780
437 453
397 422
148 261
382 470
0 147
728 739
370 413
0 151
0 160
200 322
0 274
488 524
623 625
204 249
391 394
113 334
25 336
197 284
271 280
618 636
0 314
107 945
168 304
697 747
707 742
422 636
477 516
784 810
17 137
107 428
135 309
348 535
94 194
507 570
481 489
387 412
373 507
44 312
187 242
122 322
395 421
404 496
419 486
695 745
630 644
387 507
575 654
178 272
348 429
727 846
400 669
822 829
738 760
817 827
465 535
617 664
408 438
587 651
616 660
724 834
376 614
21 122
218 328
810 856
123 318
766 849
424 554
195 275
800 823
465 503
830 838
69 236
469 497
107 915
172 265
402 493
388 523
136 169
407 458
686 703
584 660
99 102
803 840
577 650
440 496
374 563
107 978
348 484
748 787
719 805
712 816
0 324
455 497
187 194
504 553
688 756
320 329
504 539
444 507
686 801
360 412
85 170
73 331
389 435
611 636
463 507
392 506
435 563
421 500
48 302
567 591
382 547
806 839
172 277
640 662
483 637
921 925
56 141
589 684
592 612
280 323
431 487
429 504
455 557
821 836
546 547
376 544
370 417
817 819
492 517
239 338
0 85
376 434
113 304
196 346
70 230
538 580
78 275
59 268
805 824
933 942
402 413
169 291
686 714
584 616
423 567
474 547
249 254
445 556
820 848
745 800
62 170
348 570
414 492
0 305
595 615
451 544
359 422
374 482
422 653
414 605
16 261
376 475
132 317
376 473
765 843
9 323
21 297
396 519
708 781
426 544
0 344
118 211
13 98
907 948
475 497
402 497
400 421
4 275
360 565
419 538
773 836
494 503
0 44
707 833
686 827
173 464
698 804
482 525
414 607
223 315
465 559
653 666
119 189
703 748
747 820
465 570
797 817
619 636
261 345
99 227
409 431
747 848
7 38
402 507
504 506
484 514
133 224
724 784
363 515
348 490
428 475
389 497
414 613
573 611
824 844
353 432
271 318
382 452
19 214
695 700
170 250
265 271
487 500
430 484
360 463
21 56
198 364
579 653
747 792
433 504
404 452
713 746
413 535
698 769
188 274
686 696
119 203
107 907
238 265
579 625
72 272
579 644
378 497
492 606
398 412
412 481
695 724
262 312
102 227
348 474
69 105
231 239
430 469
702 822
615 628
917 938
359 452
373 456
128 315
370 497
724 745
0 330
84 276
719 810
538 559
9 156
726 830
688 777
687 777
376 517
198 564
484 606
436 483
734 829
688 823
107 989
820 824
727 752
3 170
0 48
694 834
127 284
48 299
374 439
224 276
723 828
348 481
582 675
0 149
376 669
436 497
422 545
348 543
778 812
523 544
471 537
113 169
348 430
398 494
611 653
714 732
803 880
712 839
408 456
353 503
617 625
460 544
781 836
493 559
0 8
370 451
93 111
419 452
0 162
512 561
353 976
617 677
98 103
137 214
53 332
137 337
414 604
433 510
397 509
728 747
98 291
348 444
697 760
635 659
0 223
778 844
21 165
186 199
55 261
357 509
720 739
186 188
729 882
698 774
199 231
324 332
755 845
697 856
13 277
592 654
444 504
500 560
828 835
475 547
79 252
348 445
65 261
0 199
48 320
422 644
391 400
473 515
389 509
413 473
695 718
787 836
807 819
524 525
747 880
88 106
68 143
561 604
21 142
24 57
36 127
0 217
203 271
56 67
592 617
793 817
713 751
211 223
483 557
863 889
719 828
348 492
84 237
438 591
80 194
507 544
414 567
107 922
374 683
462 494
484 637
44 111
172 223
268 271
56 60
425 439
195 328
376 580
435 459
357 457
698 894
31 339
376 461
107 348
194 196
172 252
348 497
745 817
416 483
239 285
611 625
493 517
732 839
355 489
87 308
579 619
415 542
487 538
445 535
712 768
13 238
25 280
79 200
771 791
755 808
355 500
67 265
696 830
106 238
472 533
218 275
728 759
375 503
400 475
378 412
28 116
791 818
844 848
361 396
109 229
703 807
0 15
439 458
896 988
799 814
697 818
630 672
26 186
396 403
0 74
439 523
790 832
583 662
63 271
705 781
694 845
407 513
0 45
428 544
713 726
380 518
705 814
503 557
473 527
475 481
867 885
693 823
36 197
271 297
686 788
9 297
194 302
548 555
25 200
370 471
236 303
80 320
492 544
184 251
705 719
584 678
373 553
734 766
360 428
272 297
21 39
484 513
432 561
39 121
388 493
514 544
600 670
355 548
31 338
432 553
381 554
363 561
425 427
553 556
348 449
697 830
466 522
386 532
589 622
225 278
575 685
376 446
172 342
365 556
124 157
637 936
67 334
223 313
141 291
483 639
605 653
878 886
698 840
404 512
588 685
98 313
55 239
8 245
382 474
631 682
475 565
0 298
637 641
169 271
761 805
500 556
520 545
827 834
396 557
705 835
513 614
718 805
170 342
736 833
600 658
122 203
430 559
626 657
456 553
428 930
400 553
422 614
781 787
629 641
582 670
686 712
703 809
820 834
898 917
404 456
561 606
409 487
242 302
505 509
819 827
353 580
348 361
411 498
0 103
419 431
922 991
438 651
709 835
687 856
107 969
408 500
733 829
620 654
781 842
705 819
348 482
13 342
395 556
729 753
252 285
724 829
686 704
0 139
390 475
708 890
719 840
770 845
65 252
709 838
867 874
707 736
348 560
903 992
745 805
136 156
348 526
67 272
398 479
88 322
517 526
707 712
223 252
688 724
686 810
190 229
787 808
884 893
538 948
271 304
348 453
376 452
25 291
719 759
517 601
701 780
431 482
26 232
397 546
688 770
107 990
881 895
366 402
418 481
348 545
698 878
760 842
742 746
376 450
412 555
109 252
227 296
412 580
374 524
23 175
398 431
701 726
107 972
252 297
830 853
366 520
280 297
64 100
122 276
412 561
606 936
142 334
222 240
587 646
238 342
40 142
372 539
412 431
805 837
461 669
452 489
978 993
367 547
133 232
553 559
543 570
475 527
22 324
111 310
438 645
0 261
82 318
238 324
483 553
456 484
389 424
686 833
711 722
30 56
483 567
104 188
450 547
436 637
373 414
368 559
211 331
107 959
917 957
408 545
361 568
686 690
451 507
698 803
348 395
111 343
592 664
414 590
115 262
738 781
457 518
200 324
698 890
428 456
577 661
75 272
475 591
742 789
506 537
506 645
520 570
362 373
418 544
409 525
14 310
745 853
391 423
199 252
426 504
719 834
168 277
787 827
367 422
370 423
392 436
121 206
6 219
13 119
113 261
739 777
404 503
388 492
13 148
103 285
474 548
128 252
697 815
366 503
375 398
690 773
107 965
719 733
764 843
348 498
29 211
27 54
719 823
417 456
419 551
745 824
363 559
500 614
355 481
469 553
430 451
431 506
197 329
2 115
745 828
169 334
440 493
13 261
103 200
708 823
25 31
653 685
426 510
101 187
0 210
203 315
252 280
705 706
353 537
431 513
198 399
194 204
98 272
348 531
612 654
713 827
381 457
350 561
20 115
621 663
769 798
784 854
69 304
706 731
599 600
56 88
199 288
688 734
428 523
199 271
199 313
703 730
583 658
13 332
697 705
787 797
452 475
107 983
592 598
395 402
243 312
831 853
423 525
598 684
0 123
627 681
359 405
360 558
431 566
55 56
394 676
25 237
429 531
0 227
203 325
768 786
780 828
507 517
231 232
398 525
9 285
135 281
732 771
399 476
452 519
0 329
49 255
370 506
630 682
174 293
56 271
357 486
56 122
354 500
45 322
412 515
374 438
80 204
0 178
198 501
726 745
108 284
500 601
56 342
686 753
446 491
29 338
158 315
687 838
414 563
688 840
28 115
856 882
417 520
404 444
392 556
412 500
580 637
418 568
41 312
137 140
577 647
496 669
517 637
0 35
376 492
366 446
703 719
362 560
25 56
350 433
0 83
766 771
711 829
115 140
0 179
755 809
40 77
414 677
923 961
0 137
424 518
404 537
739 764
416 500
559 604
0 300
