1000
203 313
686 807
142 332
214 343
348 566
513 520
487 559
724 823
169 236
31 168
618 666
373 553
352 375
734 784
107 902
419 486
620 678
455 466
471 475
396 555
713 815
348 564
107 566
713 781
633 680
820 834
487 500
360 548
363 370
792 819
0 326
348 436
403 452
766 824
419 513
686 840
492 651
500 566
368 526
763 820
484 567
696 745
766 823
431 492
402 444
709 828
452 557
601 644
561 567
792 807
25 185
16 332
444 500
0 9
41 115
418 497
686 789
739 805
686 740
25 231
25 257
804 876
772 845
688 696
360 497
778 812
418 568
780 792
421 445
747 773
67 161
285 322
30 73
556 683
24 249
609 653
408 511
199 261
757 775
373 423
94 320
438 492
777 829
199 322
414 658
24 80
769 828
188 291
752 828
898 919
696 724
534 563
119 200
170 323
494 559
578 650
694 745
589 605
431 512
31 291
455 510
596 663
20 312
524 606
304 325
28 144
396 481
767 768
765 780
515 555
866 894
698 894
374 456
563 634
223 239
142 345
497 560
731 827
80 320
927 947
705 737
724 731
719 734
460 535
169 332
348 414
360 553
53 266
252 261
747 752
579 609
781 787
122 141
418 555
698 819
274 341
728 809
580 637
107 389
14 20
0 114
261 271
350 531
352 408
465 471
117 231
483 614
741 807
591 651
353 497
4 328
787 814
56 297
67 304
136 322
587 646
0 280
588 685
439 570
231 291
713 813
407 510
199 325
108 197
373 524
186 188
355 543
695 842
421 563
412 544
619 630
7 291
272 281
92 299
438 651
366 548
388 445
605 630
436 673
795 820
712 782
48 73
313 342
592 623
409 526
428 930
644 654
483 514
360 432
697 705
128 322
616 678
691 822
917 992
353 431
368 398
135 281
724 795
107 970
686 754
522 546
402 432
360 438
363 432
423 634
694 737
9 203
400 428
432 456
627 643
398 412
272 280
0 144
94 101
486 516
324 331
520 570
872 874
703 765
299 346
0 186
118 313
477 518
107 606
767 839
616 657
592 666
414 634
135 184
0 199
373 397
62 236
762 799
0 134
469 563
402 438
434 490
414 585
576 643
484 537
428 609
705 780
578 662
0 76
752 815
580 606
719 800
242 322
414 662
524 567
506 563
733 782
440 538
566 591
56 313
0 239
353 560
746 816
438 596
804 889
687 730
363 561
686 714
387 544
30 178
98 252
738 781
716 741
26 332
452 500
62 141
156 188
400 488
394 492
500 537
348 422
0 120
496 566
513 683
438 606
686 838
272 346
404 526
647 675
492 513
705 706
924 974
22 339
606 917
752 842
391 487
800 810
46 143
417 544
456 495
793 797
398 484
781 829
793 850
779 780
353 606
687 764
413 542
422 555
363 936
348 488
655 657
773 847
598 684
363 976
741 781
31 237
0 267
0 295
92 266
226 326
414 620
413 463
494 517
763 804
686 790
483 606
686 738
368 408
724 786
412 560
370 483
353 363
698 862
367 452
400 525
361 547
348 349
25 276
25 323
271 298
168 291
395 630
766 815
747 783
664 685
9 128
75 304
686 788
689 839
697 834
366 394
374 376
429 539
62 261
686 812
462 517
354 450
107 945
792 830
583 681
715 781
204 254
553 560
388 567
686 705
626 677
376 502
221 322
265 298
170 176
865 868
805 830
455 561
917 942
438 525
353 524
536 545
60 313
14 144
416 483
460 495
370 415
98 315
67 109
19 214
623 677
686 702
388 500
510 521
470 562
400 524
374 439
736 833
703 730
452 547
394 400
720 808
422 455
94 330
618 636
698 840
239 303
56 59
497 565
395 456
420 471
392 436
739 793
360 558
109 142
455 539
301 324
698 887
198 441
55 200
701 781
927 980
579 666
107 517
687 777
483 896
425 523
719 755
417 513
4 195
355 510
115 214
420 465
170 334
587 634
924 954
21 308
765 807
579 653
104 188
479 538
363 475
573 630
421 487
359 481
16 261
373 563
428 567
3 274
0 161
127 139
26 334
98 128
80 88
483 560
428 432
107 988
363 669
284 329
13 325
153 280
856 876
370 376
103 172
55 277
819 838
456 465
708 840
713 766
375 409
0 112
509 551
107 904
134 277
617 677
497 545
0 28
388 412
507 517
188 285
41 214
0 331
85 272
446 483
559 614
686 703
374 563
659 681
363 417
417 483
686 717
66 252
697 721
107 963
414 681
761 848
947 993
686 830
62 199
355 376
7 304
56 207
388 415
4 273
507 523
415 463
378 482
803 837
434 456
350 497
348 377
455 563
781 794
417 500
686 770
0 249
103 200
402 563
170 322
805 842
597 677
483 596
415 520
388 452
368 494
745 805
449 543
553 644
723 766
690 831
378 517
350 519
724 752
8 201
500 503
412 423
170 274
463 531
497 570
373 525
130 329
423 645
414 666
705 831
431 513
514 559
366 566
500 547
159 172
573 672
506 557
172 199
768 816
417 506
1 126
711 828
17 116
444 520
348 394
113 200
0 132
414 633
107 975
353 651
80 101
457 477
0 139
933 941
388 450
697 713
701 774
25 221
272 291
107 953
30 236
439 523
126 322
383 387
813 833
412 567
395 430
27 119
719 747
0 344
442 531
0 263
392 500
513 542
188 334
19 293
21 252
718 747
423 436
26 142
109 322
194 242
0 93
446 491
84 265
113 203
781 805
579 597
567 646
828 848
784 794
727 805
475 555
128 252
731 834
104 239
238 265
31 200
597 636
686 843
428 523
493 525
563 594
713 830
374 497
362 460
396 410
897 927
403 458
428 473
517 526
198 348
579 623
414 559
504 528
601 976
469 486
946 993
51 84
444 523
396 474
760 814
353 391
730 787
505 516
388 544
0 262
350 527
439 553
500 521
573 625
697 731
378 566
825 864
653 654
25 83
902 957
434 559
378 487
0 345
696 697
21 161
783 849
418 463
17 312
402 558
697 827
348 546
67 69
526 651
108 284
370 456
41 140
85 271
73 88
686 729
69 236
414 672
367 483
56 325
60 158
373 395
367 412
40 272
277 311
27 54
714 839
527 553
544 645
67 213
0 346
617 680
634 651
389 424
697 769
748 764
243 337
420 430
0 140
159 345
767 796
774 853
175 177
625 653
705 823
461 567
318 334
272 304
592 617
592 630
606 641
573 644
697 753
348 542
348 560
116 343
654 680
615 628
422 520
395 514
765 779
211 325
21 332
456 473
389 551
521 544
455 568
113 334
609 630
547 548
164 285
522 529
686 831
107 641
967 993
428 669
102 227
348 538
395 412
458 490
428 513
583 600
705 781
41 337
363 487
583 670
752 805
869 890
696 824
53 92
107 906
352 394
431 606
285 345
60 322
414 654
755 808
747 769
398 456
639 682
432 555
380 486
409 487
954 969
686 773
727 846
10 142
128 170
760 842
348 432
81 269
56 118
378 542
169 318
404 444
603 605
417 545
483 506
475 580
782 833
373 513
404 493
373 548
0 63
387 438
737 745
689 789
238 271
576 600
596 609
556 563
370 559
348 405
53 94
142 158
787 803
705 844
158 248
407 455
484 515
9 280
739 758
778 819
299 300
373 561
766 826
56 104
737 805
40 133
653 664
54 329
635 640
439 445
493 561
397 449
40 77
503 542
353 542
374 523
475 545
783 797
724 778
370 553
92 242
455 531
770 772
21 223
25 331
57 184
724 766
419 540
162 326
199 238
392 465
563 645
938 992
728 741
732 802
372 530
436 513
457 563
412 432
753 769
26 313
419 505
368 375
75 323
348 561
419 538
137 337
378 651
180 242
362 473
479 484
507 556
781 849
271 313
455 541
372 455
760 824
430 471
483 497
118 161
580 976
423 614
412 525
475 506
389 516
186 236
353 487
748 758
526 538
53 299
400 500
463 519
402 428
79 272
0 67
686 822
152 275
698 805
579 590
577 662
617 625
170 271
64 100
473 483
414 465
122 281
62 170
62 341
291 332
378 553
421 444
21 281
9 30
492 544
119 339
432 569
370 392
368 409
309 320
417 560
505 551
456 503
382 470
25 277
605 678
107 983
369 509
488 556
582 661
428 676
184 281
758 781
724 827
172 231
712 768
773 780
524 590
107 483
107 926
688 823
314 342
686 839
330 346
169 252
731 752
517 559
579 685
408 520
422 444
67 113
592 653
151 312
53 346
56 200
25 79
348 481
304 324
719 722
781 830
461 463
24 302
349 434
132 134
396 548
444 531
213 249
415 421
878 886
694 726
53 213
418 523
53 130
414 615
56 103
3 9
354 403
40 158
703 719
827 842
21 66
348 479
738 794
203 211
417 428
634 647
465 526
21 98
113 142
67 325
428 601
378 436
715 745
400 412
404 538
55 261
31 142
517 651
823 824
200 236
475 507
474 546
348 411
628 647
761 827
48 271
408 538
116 226
348 428
595 643
348 364
13 172
724 736
460 482
257 344
25 283
404 537
185 290
430 563
75 170
910 912
113 188
88 322
113 261
376 450
199 232
428 482
204 330
896 989
348 379
5 235
438 553
25 76
376 645
662 670
0 273
621 622
400 438
814 834
428 492
925 927
91 201
324 329
124 170
53 194
113 291
139 197
816 850
45 303
139 320
784 795
373 438
378 426
368 419
348 484
825 856
558 570
760 830
463 524
348 537
543 546
26 297
705 805
407 458
465 569
506 545
67 334
500 507
640 661
516 554
363 606
615 675
0 109
348 424
745 815
67 128
360 365
200 325
479 503
16 331
63 313
597 623
59 239
446 490
486 551
370 669
0 338
432 504
184 309
0 264
719 772
92 249
376 651
53 196
13 199
254 302
0 171
859 885
41 144
348 367
252 272
697 745
363 376
729 889
445 493
203 271
376 402
354 547
402 436
686 811
942 969
397 554
686 766
163 173
80 249
438 456
432 544
207 322
739 747
706 745
762 814
23 83
791 822
438 496
705 752
867 873
376 452
597 684
9 67
354 458
414 635
146 317
465 567
627 632
1 54
460 553
0 336
0 324
471 561
582 662
417 514
17 19
368 404
366 475
363 524
26 277
698 772
9 134
391 548
503 539
128 265
452 553
458 470
696 778
379 532
479 513
579 677
0 293
116 312
366 374
654 684
440 479
376 426
166 198
348 374
686 815
438 500
705 758
915 948
728 780
433 563
460 547
715 805
576 658
428 520
439 542
460 570
697 719
109 229
439 517
0 19
104 212
686 757
706 815
492 669
368 559
181 195
481 547
370 565
115 326
394 513
26 98
203 332
430 559
161 258
389 949
236 280
25 169
412 430
428 497
580 591
376 471
432 452
36 184
734 760
426 544
723 745
353 462
769 800
824 829
80 213
461 525
747 838
500 580
444 504
745 760
473 542
111 310
713 823
651 936
422 597
965 986
376 417
733 786
107 950
348 419
408 561
184 329
0 343
792 838
0 259
223 252
370 566
598 677
252 332
473 525
812 837
747 793
747 831
705 760
644 664
387 567
686 829
376 634
635 670
930 948
400 517
500 601
599 659
62 276
29 118
376 387
391 400
388 475
828 840
728 824
363 461
119 176
736 816
804 882
277 291
348 475
707 833
410 547
698 879
618 631
474 481
414 684
731 745
389 457
363 526
824 826
601 609
597 619
363 367
398 462
0 118
395 413
705 799
0 173
408 465
80 315
0 196
258 291
617 644
369 551
414 553
598 609
728 820
0 62
543 558
357 477
122 251
575 664
412 438
713 847
196 285
695 697
107 967
517 527
641 651
107 957
438 483
116 326
724 828
118 261
828 846
360 428
698 869
754 773
615 627
56 213
200 322
277 322
434 488
417 507
573 598
437 498
0 60
722 829
142 315
600 675
484 493
469 553
13 238
729 804
871 879
17 214
249 315
689 702
227 278
399 564
422 663
462 536
706 853
461 606
53 101
107 920
408 488
707 746
741 800
0 55
432 506
579 588
187 242
724 814
412 569
915 930
633 644
542 591
414 675
199 239
450 547
687 697
713 777
764 805
378 483
817 827
693 697
695 713
701 778
67 142
747 770
98 123
752 810
507 520
113 122
686 732
483 526
122 188
359 367
211 315
688 777
708 824
378 414
430 439
688 847
0 37
1 92
118 172
93 137
134 238
688 694
423 523
824 830
756 826
421 504
412 517
56 277
724 829
742 746
686 767
396 475
170 200
713 748
374 496
414 650
574 596
450 481
400 408
545 553
366 555
461 465
479 527
966 982
806 833
697 835
438 475
438 563
617 664
404 409
747 753
62 318
25 73
146 339
348 517
5 158
433 533
417 511
56 238
600 640
55 203
366 542
709 819
356 411
348 518
578 599
749 757
796 822
574 630
412 456
67 188
686 786
745 781
805 844
180 346
121 165
726 853
0 198
56 261
0 47
545 570
428 651
487 525
444 483
404 545
636 678
121 315
25 272
420 567
430 526
456 537
56 75
400 419
698 874
435 563
13 211
107 966
402 553
722 820
815 834
694 760
870 871
196 249
119 329
747 763
493 526
239 338
506 606
576 675
620 630
0 307
409 412
927 946
573 588
308 323
697 708
573 666
25 280
322 323
372 410
388 503
173 464
423 428
412 645
94 266
766 784
363 500
694 706
302 346
461 559
107 981
611 654
516 551
871 881
359 546
354 397
394 488
0 89
414 608
703 797
26 176
368 462
514 527
524 651
695 810
726 780
475 519
658 661
373 473
376 496
388 507
452 544
56 265
708 753
320 346
483 538
73 126
252 280
370 414
223 261
727 853
434 492
629 637
141 272
83 237
26 325
542 556
606 645
0 177
414 434
546 547
25 252
198 564
763 849
225 278
252 265
452 510
0 279
203 223
626 654
362 413
686 827
40 132
395 463
438 517
691 833
0 2
716 820
561 683
86 227
7 31
92 194
863 876
419 456
378 637
926 960
708 774
822 829
513 637
404 556
810 842
923 961
391 475
194 299
728 773
38 248
98 170
397 516
508 544
695 780
616 660
647 662
374 614
85 176
762 810
517 537
20 44
460 544
432 521
716 718
500 531
362 558
397 483
462 532
0 282
107 629
34 348
651 683
457 554
57 277
484 560
718 797
884 893
431 517
33 42
373 425
709 823
513 669
46 177
724 794
698 867
402 497
62 323
353 601
784 810
686 710
236 297
636 644
118 268
960 982
275 328
122 280
754 830
373 559
26 186
199 223
0 214
98 109
503 560
514 614
348 392
376 444
24 92
573 617
588 644
509 516
514 520
21 67
425 439
412 526
738 813
56 63
609 644
492 559
694 845
56 322
1 315
745 752
142 285
363 419
400 434
708 890
676 683
691 746
703 718
402 515
458 469
431 440
428 484
376 492
493 560
713 787
419 424
91 110
445 460
698 872
400 487
706 731
737 843
419 492
22 87
506 507
417 508
9 21
520 567
820 831
400 537
373 412
726 824
730 764
747 856
26 118
0 57
99 225
500 548
754 823
803 840
348 365
417 561
36 135
804 863
465 604
4 78
792 850
698 803
0 15
133 315
144 312
156 272
425 434
688 747
469 518
392 560
483 520
492 506
67 169
170 313
439 475
239 285
92 330
373 546
414 580
397 457
112 174
388 559
559 566
650 659
25 332
462 538
726 805
857 862
553 614
348 489
397 510
722 784
20 162
26 72
412 529
778 828
516 563
13 65
433 504
0 116
59 261
398 497
619 625
461 544
72 172
195 306
194 346
249 254
438 495
483 669
823 880
23 190
438 473
239 252
361 519
392 456
374 418
181 328
917 964
465 544
384 464
374 432
0 180
741 747
697 830
634 645
395 536
727 847
416 557
728 797
142 236
414 567
408 525
75 200
127 309
805 840
0 126
413 460
774 810
393 501
475 557
797 828
367 391
398 512
378 514
776 885
769 856
374 526
107 987
439 451
0 99
701 747
916 993
184 272
355 418
428 444
75 188
213 285
422 432
160 260
131 225
726 844
67 82
726 781
599 640
696 830
815 835
350 384
350 504
698 877
709 754
21 322
452 555
59 342
694 829
432 438
0 162
459 516
513 646
441 564
122 203
573 603
431 472
708 719
713 800
224 276
725 771
431 471
500 542
400 515
423 559
67 223
774 828
25 170
412 488
559 606
87 246
40 317
319 327
445 535
584 618
376 546
180 254
579 663
376 646
107 348
26 323
695 840
40 239
573 623
693 844
417 445
471 553
741 835
311 325
713 742
359 531
705 745
719 824
694 848
793 836
459 486
10 67
680 684
500 553
353 446
414 640
800 856
230 307
398 488
261 345
0 131
643 661
632 658
917 957
694 738
646 651
773 834
40 200
688 824
632 659
224 261
734 847
404 542
688 701
772 828
348 548
41 243
391 517
752 784
372 421
40 332
503 553
410 475
370 548
355 547
532 572
583 647
536 561
419 487
26 265
414 653
186 199
92 302
703 831
573 575
82 84
635 659
463 504
599 675
385 423
370 492
362 535
423 484
53 330
350 426
484 968
511 545
353 496
21 39
0 5
28 310
0 149
823 835
755 783
0 260
381 419
786 813
391 580
578 635
370 514
56 291
107 921
439 458
583 595
495 507
503 511
697 856
440 493
475 489
780 815
348 527
348 473
218 306
135 251
0 50
609 654
188 315
373 545
547 557
322 341
113 165
252 342
0 246
771 850
745 799
178 231
615 632
506 523
696 829
450 539
780 819
0 187
134 203
58 171
359 470
574 616
373 461
373 408
199 298
0 83
281 284
779 840
412 561
222 240
946 947
376 473
40 113
434 436
916 925
80 92
252 324
412 565
954 984
362 463
372 429
0 227
348 506
3 323
719 781
353 376
823 834
856 882
578 632
419 527
765 843
698 878
497 503
463 483
553 561
734 803
713 794
567 590
91 193
543 545
41 343
404 536
703 809
98 119
370 402
545 561
355 481
370 416
141 323
313 315
40 232
0 206
370 645
461 591
400 420
422 523
213 236
713 818
122 261
494 561
363 506
348 516
403 555
236 257
188 304
544 553
772 814
519 546
322 342
13 304
493 497
417 566
373 527
159 272
453 468
30 304
941 945
719 727
0 255
858 870
727 842
99 102
97 182
0 315
350 543
363 515
455 546
414 642
107 956
584 639
439 507
363 538
496 637
431 436
723 770
0 277
605 609
4 218
434 497
834 847
369 380
56 271
0 85
512 545
484 637
773 836
13 265
381 509
0 152
812 815
747 837
88 106
92 196
876 889
392 475
360 495
630 664
39 119
146 313
56 136
719 784
376 491
635 661
360 463
635 643
483 580
395 438
415 444
493 559
396 403
605 644
609 664
830 853
251 320
402 451
583 659
430 569
525 567
370 524
431 438
9 341
600 643
431 507
561 669
408 439
374 412
630 655
422 504
708 760
690 773
645 683
573 592
402 460
348 503
728 737
738 784
67 196
9 105
109 122
544 580
497 566
350 433
348 522
304 315
123 142
0 320
348 410
695 815
473 527
419 525
917 954
506 553
457 469
688 719
366 434
99 131
703 709
730 797
971 984
559 591
392 430
122 161
117 280
107 962
815 819
257 258
95 327
694 756
303 322
397 531
686 781
426 513
409 515
506 544
36 309
703 845
779 792
820 845
694 842
720 832
19 175
107 991
475 565
436 484
758 809
355 410
159 320
592 633
436 606
769 798
438 604
577 635
705 724
189 217
67 345
709 835
360 362
553 570
366 930
113 325
711 784
87 136
400 492
100 269
395 561
9 113
713 834
7 38
428 553
423 558
703 805
696 834
56 119
376 511
137 243
420 432
600 659
686 810
378 412
787 797
366 976
185 315
395 520
703 820
376 652
352 493
348 353
780 830
363 482
402 566
17 144
563 604
67 324
412 512
430 497
203 277
431 503
67 224
913 968
389 459
105 236
408 537
968 999
0 232
39 200
0 74
370 439
460 521
428 512
686 688
181 218
611 618
25 69
242 254
732 806
395 488
419 565
719 810
387 428
719 849
103 285
444 545
82 203
370 540
444 559
734 766
188 342
483 942
246 339
213 272
507 570
781 809
432 557
21 159
109 271
419 493
258 295
753 861
819 828
897 995
405 418
414 627
154 219
718 815
239 272
835 838
583 640
856 863
548 555
496 517
119 128
0 33
387 514
484 500
376 525
13 239
577 659
398 408
439 473
427 549
462 487
366 559
583 635
373 587
941 969
428 606
378 500
819 856
395 513
422 579
354 531
409 456
218 328
277 324
980 993
280 323
142 323
17 310
686 741
616 663
54 119
89 327
0 111
430 451
556 676
387 561
40 169
107 938
38 141
410 463
0 266
781 842
387 503
177 278
703 779
915 962
526 606
9 199
96 274
525 545
98 331
579 620
425 428
404 506
374 500
7 246
414 617
460 542
694 727
375 538
686 783
817 819
428 451
397 544
819 840
402 421
0 308
80 180
625 654
7 308
119 323
711 766
132 317
417 461
172 342
609 612
492 561
456 511
711 727
544 676
456 460
773 820
726 760
398 561
559 580
376 396
636 666
389 486
425 520
67 122
398 536
745 842
465 614
108 320
21 297
116 149
488 496
374 566
376 410
686 745
925 993
870 879
107 376
315 324
370 438
713 782
376 531
718 762
916 946
396 519
173 649
13 252
388 483
479 483
394 515
695 830
357 369
770 820
460 473
225 227
436 651
484 913
517 525
724 842
67 261
428 570
92 346
793 809
348 418
824 853
614 683
395 497
817 828
653 680
516 518
115 137
50 146
353 366
25 141
492 604
9 342
436 553
165 200
360 544
694 798
363 521
416 432
172 239
760 766
460 463
465 538
172 332
430 503
814 842
28 41
734 785
704 799
395 479
422 657
720 809
739 792
824 838
582 650
170 185
773 853
752 773
480 540
492 524
888 889
500 538
386 532
705 731
392 542
351 564
0 82
118 322
392 514
0 155
277 342
698 861
419 536
0 339
714 822
726 823
611 680
354 474
0 219
104 122
382 555
495 520
414 480
0 265
422 680
595 640
417 538
406 437
21 25
93 167
618 633
378 513
152 181
703 856
21 232
414 682
517 637
396 450
724 830
475 544
506 524
719 756
359 562
611 677
941 984
373 471
56 185
77 231
739 780
686 785
271 280
132 242
348 476
39 105
665 675
66 142
705 763
717 852
397 419
787 827
731 810
135 197
436 563
497 525
19 138
811 890
186 331
239 276
500 637
547 555
312 343
515 559
504 513
368 536
360 395
800 811
698 890
364 476
172 261
713 773
93 337
708 730
640 643
38 322
768 822
455 500
376 488
475 563
348 452
190 229
903 992
48 320
709 848
719 764
582 583
698 871
522 568
727 766
7 65
361 474
670 675
542 553
636 677
691 771
740 817
232 239
16 29
747 807
688 726
475 591
374 483
187 254
732 771
747 880
388 438
640 662
734 842
687 856
388 487
713 772
25 232
477 554
418 432
718 730
156 258
367 548
150 324
739 819
394 517
514 561
355 557
606 669
0 270
901 903
291 315
119 324
394 566
98 258
0 75
797 809
423 444
0 81
579 633
360 417
55 170
771 818
382 403
195 275
781 828
24 53
9 323
348 371
396 570
426 563
438 507
0 251
754 848
353 460
519 557
458 489
84 313
422 547
26 56
3 200
362 371
731 828
451 556
40 213
374 378
420 556
50 277
204 242
48 180
687 747
404 445
0 103
703 728
771 839
348 571
486 509
698 776
44 312
423 586
709 824
24 187
488 553
724 726
718 827
713 719
686 784
431 545
805 810
589 596
591 683
366 378
616 625
348 543
686 821
373 413
417 515
94 315
350 528
492 580
375 526
728 787
366 544
373 651
727 854
713 760
628 665
583 599
579 630
475 567
82 172
596 677
542 580
705 726
348 557
133 280
778 830
526 637
353 475
793 808
433 528
480 543
348 478
359 474
368 479
204 213
122 200
0 65
119 239
789 839
405 428
0 284
428 559
26 109
728 807
299 302
275 306
3 170
584 631
439 567
48 57
820 830
23 61
695 853
0 6
53 315
723 830
75 85
414 643
85 188
722 768
686 701
614 645
694 710
635 662
688 771
416 465
6 95
428 507
834 853
591 634
354 361
734 853
800 828
687 718
422 592
927 993
686 759
31 339
242 299
409 536
760 834
402 495
26 315
21 313
88 178
437 453
395 398
271 314
376 544
760 781
774 843
714 771
418 506
538 637
40 56
615 665
0 237
290 342
901 938
158 242
475 515
367 422
257 295
0 223
366 492
897 947
561 580
107 910
363 553
592 618
3 85
906 966
354 396
703 828
452 506
373 475
365 513
61 193
560 561
481 504
0 121
421 570
0 176
719 760
55 186
482 507
348 413
65 261
734 756
436 523
946 967
764 781
378 475
375 398
696 719
439 561
374 475
348 533
708 755
719 848
376 514
776 872
21 284
881 895
418 465
369 486
703 787
178 322
348 507
780 823
107 913
73 331
952 993
370 428
745 762
493 494
688 697
4 152
395 402
31 304
391 561
428 915
446 517
398 527
394 511
629 630
499 532
118 134
362 492
322 345
200 277
867 887
257 272
32 310
465 484
828 835
104 322
478 496
417 570
397 444
10 200
13 332
348 429
438 497
490 491
428 558
348 425
23 116
820 824
513 561
774 800
732 789
248 291
605 617
688 695
823 843
1 280
148 272
553 555
514 524
359 405
419 471
705 819
82 231
582 635
640 658
417 556
438 548
352 503
373 483
474 531
695 777
428 460
128 313
5 187
745 747
600 662
731 773
357 389
107 935
418 510
713 762
513 537
758 783
56 304
186 221
366 515
719 845
592 685
26 236
619 623
596 620
815 828
236 248
500 614
687 817
739 774
101 204
274 323
125 136
363 559
513 527
98 238
400 651
188 323
577 647
360 513
582 627
417 537
443 453
754 780
830 845
232 280
0 274
461 542
132 303
17 115
354 463
701 794
26 128
8 264
688 713
277 332
916 966
815 856
257 322
504 548
363 544
422 685
0 45
26 308
712 714
387 525
376 637
375 479
752 834
0 276
166 202
456 484
10 169
369 477
791 806
590 623
637 645
466 531
186 223
380 516
561 606
315 323
203 238
315 345
0 240
644 666
858 881
450 557
708 800
408 560
0 23
519 555
398 431
175 296
373 388
163 249
863 882
214 230
104 109
473 560
695 781
26 79
409 517
491 548
348 472
19 319
348 381
376 517
107 903
56 231
514 537
392 431
462 493
200 223
647 665
492 515
116 144
200 280
21 31
520 523
348 412
484 544
203 308
728 843
368 416
221 285
14 310
391 458
514 570
367 491
370 423
348 397
824 847
515 557
698 886
419 475
612 678
232 271
579 605
140 144
414 674
440 508
414 428
378 669
197 320
408 500
493 537
497 546
352 398
481 555
0 179
455 565
373 515
713 827
412 493
56 161
0 235
824 849
161 277
465 525
719 794
747 820
626 664
378 614
597 633
745 823
378 524
619 654
172 212
172 325
45 132
514 538
922 991
406 532
366 373
496 513
21 88
13 119
755 781
128 334
483 513
109 118
185 285
170 277
135 284
693 734
392 556
419 551
56 128
395 567
414 683
9 161
165 169
591 606
394 538
80 173
369 442
176 188
223 325
370 436
374 444
13 118
0 215
445 465
741 823
408 419
348 519
827 853
393 441
373 591
250 252
285 315
422 497
507 526
475 553
423 538
426 431
806 818
903 917
597 680
0 310
53 254
400 591
408 503
465 559
188 272
436 646
144 343
265 313
387 412
678 679
819 823
374 488
701 760
186 213
92 254
755 758
582 595
764 793
420 513
268 271
172 313
513 614
150 217
784 826
595 650
544 669
400 514
732 788
765 856
469 540
368 521
67 344
111 343
696 780
192 205
913 914
789 818
694 830
711 738
354 519
493 500
273 306
141 224
503 556
354 555
141 304
9 276
927 967
745 820
582 670
0 205
764 824
99 143
188 224
774 807
898 917
436 475
747 848
946 960
381 424
203 297
107 911
348 511
0 88
127 281
376 523
600 615
161 252
322 339
46 175
724 734
612 680
398 494
348 487
706 834
698 753
764 787
596 616
376 481
524 553
686 850
515 553
414 628
737 828
688 856
323 341
73 130
503 561
730 849
686 852
619 684
640 681
200 332
698 708
686 805
303 315
355 531
517 556
627 650
738 826
67 98
408 545
355 396
85 322
694 805
566 567
697 849
456 561
6 147
797 849
348 485
414 629
198 399
829 853
703 807
592 678
105 280
456 497
402 493
450 531
592 609
360 412
611 625
378 604
348 387
363 385
483 671
246 285
361 562
417 493
177 225
370 452
697 820
773 821
0 71
694 719
239 322
598 654
143 278
686 854
355 463
773 815
400 475
636 653
490 502
412 609
815 853
370 430
784 834
0 158
737 824
150 329
695 829
428 438
77 294
148 185
690 731
413 448
787 823
420 569
119 252
1 322
686 727
26 298
414 593
388 557
38 339
637 968
873 874
357 516
495 542
302 330
695 718
122 323
425 460
360 415
700 795
186 239
600 632
118 325
705 739
0 229
180 194
476 501
703 781
107 943
107 974
504 539
21 323
121 236
424 516
104 303
573 611
412 669
129 168
355 555
582 615
796 818
13 148
921 925
297 322
26 40
418 557
392 483
142 170
400 614
422 619
686 752
250 322
688 815
353 559
388 400
105 148
0 13
412 537
25 98
488 524
524 525
391 539
408 487
709 840
353 484
752 831
724 824
361 396
373 567
566 593
686 735
748 830
738 760
701 845
203 334
806 850
436 635
0 217
290 322
592 612
734 778
98 141
475 491
578 583
719 728
436 492
724 754
523 570
357 509
497 538
352 412
0 182
436 517
67 118
578 681
561 591
59 211
185 200
40 315
107 946
376 566
170 260
544 683
393 564
419 484
465 483
705 764
418 504
62 98
374 683
376 524
221 303
50 148
353 514
454 564
414 630
604 637
661 681
470 531
236 322
422 584
271 277
574 663
373 498
198 351
752 774
188 274
424 551
212 304
41 111
60 291
239 295
100 150
0 40
13 342
397 469
758 793
348 380
136 156
419 561
67 79
271 315
497 515
429 531
72 272
373 514
409 542
615 662
200 271
26 200
170 188
456 512
107 927
398 503
169 315
705 845
194 254
451 567
395 404
21 274
24 101
686 853
729 888
458 555
696 823
119 189
482 556
40 67
180 204
288 315
705 830
56 222
188 277
455 504
795 813
204 329
178 329
770 849
414 514
580 936
395 414
370 395
753 856
236 252
87 339
701 726
79 185
75 258
370 417
431 537
617 626
658 662
387 402
374 521
728 819
583 627
80 187
374 525
504 531
828 853
497 527
370 471
686 746
184 251
133 224
417 492
57 302
360 565
705 759
186 272
595 661
677 680
300 320
475 513
107 985
25 246
398 538
26 55
363 566
697 747
797 817
731 853
711 752
146 285
398 526
698 804
722 737
686 775
503 514
650 681
361 481
856 888
815 823
713 819
858 871
236 315
109 285
698 798
82 318
429 455
400 567
592 664
924 940
187 346
0 18
45 221
376 527
752 824
494 503
403 546
514 541
907 948
369 554
361 500
765 823
391 491
101 180
414 422
792 824
694 696
503 566
497 524
22 277
367 378
67 212
113 304
412 482
479 517
695 726
424 518
604 645
812 828
203 338
130 257
592 682
149 343
823 827
429 466
783 809
412 683
493 503
113 119
567 645
0 189
180 299
213 246
107 936
24 180
690 853
397 509
517 905
617 630
475 930
703 754
31 252
363 580
26 172
455 506
187 266
9 322
563 566
686 836
592 644
366 368
842 853
497 507
745 853
186 222
496 565
400 538
370 431
647 658
520 527
201 259
445 492
713 851
705 715
414 588
213 324
257 304
619 653
372 539
417 523
461 523
804 888
395 436
605 653
697 828
873 885
799 814
67 272
5 87
932 982
741 836
440 449
355 528
739 787
373 528
553 669
412 487
424 486
391 483
414 591
56 203
107 949
396 546
211 238
416 493
142 303
438 446
120 277
458 510
687 739
705 755
88 303
412 460
751 830
827 830
713 814
9 185
678 685
730 763
787 793
586 587
688 849
389 518
348 433
471 559
747 840
826 842
599 647
392 404
53 302
661 675
438 503
544 557
632 665
102 296
40 258
0 303
107 922
370 397
170 285
0 73
542 561
0 212
113 239
438 452
805 843
72 232
686 823
133 183
429 481
254 266
423 591
364 501
697 760
707 714
439 471
357 563
200 304
460 497
395 538
620 653
0 166
428 683
492 641
695 778
133 236
128 172
432 483
741 770
397 507
451 563
366 402
3 188
519 547
609 623
428 594
200 203
428 506
953 995
130 204
764 797
745 794
213 308
713 824
400 637
25 224
506 604
186 322
782 804
762 827
713 829
48 203
595 600
348 361
653 677
792 837
5 316
701 830
451 506
119 248
252 313
800 845
576 661
121 280
59 271
824 840
417 559
21 184
122 284
367 396
713 751
369 561
109 119
431 465
80 204
696 840
9 186
419 422
122 156
492 517
957 981
107 363
348 570
719 840
828 829
8 245
373 431
141 280
107 989
637 896
211 268
324 332
21 272
698 865
523 524
72 199
483 919
477 563
51 237
726 845
197 281
412 515
492 567
698 774
361 531
1 73
528 563
374 504
67 323
770 845
404 452
584 596
694 827
686 777
575 579
26 69
600 635
348 460
475 566
457 516
414 664
599 635
0 11
36 284
392 497
130 213
363 402
438 523
689 714
404 561
412 414
97 230
659 661
373 556
397 513
203 272
627 659
363 409
48 322
709 838
387 415
635 658
363 444
165 342
161 199
366 408
694 820
252 338
737 820
705 772
726 773
506 521
82 169
723 824
713 774
770 803
378 488
53 249
56 342
754 815
375 484
542 560
779 807
461 527
408 440
0 130
483 496
483 976
707 736
0 156
95 147
415 428
394 475
728 781
702 714
452 513
695 766
483 525
119 261
417 456
141 276
94 194
26 280
348 420
705 827
792 805
360 555
453 498
55 239
686 719
85 274
212 295
578 643
497 510
0 174
21 315
65 314
194 266
728 779
368 503
39 277
790 832
9 232
136 315
378 428
0 317
758 808
304 341
412 455
707 742
742 829
122 297
0 22
513 634
466 529
752 847
410 474
503 567
133 322
277 334
456 520
231 315
378 506
80 330
158 232
99 278
111 326
496 506
363 388
431 511
246 322
716 747
483 604
503 513
249 299
348 520
359 361
85 258
140 214
10 277
414 641
21 104
781 810
503 525
553 591
705 713
725 806
124 157
348 421
773 810
66 334
357 554
378 641
612 630
400 641
21 342
0 34
722 745
431 462
705 778
431 559
409 492
387 436
728 764
475 500
697 765
409 521
686 801
9 75
586 646
449 504
412 558
348 558
460 507
175 278
0 287
484 511
713 810
705 738
188 297
414 573
658 675
432 571
376 548
925 999
417 421
175 277
784 813
549 563
718 770
466 539
16 329
348 408
538 560
781 836
56 303
417 479
745 834
200 276
407 513
9 176
563 567
874 887
200 323
185 322
484 517
697 772
713 845
730 783
739 824
362 495
504 522
460 475
707 768
395 637
432 451
475 547
631 639
0 70
763 770
422 561
350 484
696 842
475 525
30 331
122 252
376 378
352 409
374 402
271 285
576 681
372 558
80 194
395 451
41 230
428 524
348 505
36 251
353 561
40 265
414 515
630 644
591 641
4 181
72 329
686 704
760 805
783 817
107 972
425 479
686 828
412 548
122 344
40 274
597 630
728 828
736 746
0 79
62 142
107 929
374 570
366 430
96 213
392 567
729 863
0 218
566 637
408 512
616 622
703 705
687 805
415 556
0 78
363 366
599 650
391 556
280 329
107 930
376 526
394 503
784 842
352 517
414 619
20 115
483 936
9 188
123 252
925 967
397 523
553 566
261 313
348 534
473 503
0 193
431 483
686 763
348 556
703 748
0 128
128 315
137 312
374 438
56 252
688 724
461 645
4 306
2 333
354 452
21 56
705 748
370 458
400 606
780 828
727 756
188 280
402 513
430 456
67 75
513 559
600 681
420 936
368 525
387 507
353 408
719 805
686 762
0 222
577 640
768 833
615 635
72 165
492 500
420 596
509 554
364 393
513 517
374 591
403 497
787 808
431 500
100 323
0 313
615 643
400 432
113 172
376 587
784 854
412 559
496 580
804 886
195 218
409 497
421 465
503 557
463 473
353 580
139 281
170 223
311 344
382 410
896 981
348 545
348 409
836 853
430 566
708 869
370 387
7 347
726 745
623 654
349 534
382 474
395 400
615 647
17 140
378 676
951 973
788 806
553 559
170 290
452 497
67 248
735 800
312 326
493 517
107 954
460 563
127 320
0 58
698 893
88 186
463 560
392 566
354 359
118 277
781 853
687 823
686 743
517 606
103 339
863 889
420 524
592 616
107 923
473 479
348 359
440 496
718 719
686 730
419 503
397 422
31 83
227 296
753 889
21 109
0 100
824 848
719 799
414 663
493 512
761 772
9 142
600 661
350 369
766 830
574 579
0 268
0 299
67 158
25 186
397 481
612 654
19 89
434 496
25 130
504 544
13 261
0 252
654 685
394 438
792 815
553 645
458 553
248 252
917 944
118 271
175 321
677 684
402 500
351 454
575 630
471 514
390 475
199 222
507 545
107 986
123 334
87 291
98 103
203 325
544 566
285 313
718 758
369 397
368 527
526 561
698 875
381 554
128 199
469 516
689 771
26 122
686 691
98 118
755 836
214 333
146 148
370 475
49 255
410 557
421 457
31 51
348 515
414 676
395 408
531 557
107 968
239 304
348 444
686 687
98 276
592 626
348 550
211 239
520 561
711 810
26 161
622 678
640 647
697 805
16 118
450 497
697 766
376 490
896 984
417 517
578 658
391 492
0 209
797 831
119 132
628 632
417 503
916 960
361 376
0 195
211 265
3 26
599 628
462 494
82 121
98 223
378 496
232 291
577 615
800 805
436 566
592 672
731 847
580 601
773 828
414 647
728 730
794 842
637 936
82 331
370 460
733 839
0 95
251 281
450 489
582 640
48 54
770 777
661 670
378 452
29 82
348 462
242 249
149 162
438 546
698 895
764 823
436 506
378 456
0 167
0 271
414 542
500 563
420 439
395 556
271 325
579 680
432 514
122 128
465 517
0 91
686 769
25 270
353 517
82 158
715 814
30 200
531 568
376 446
0 133
799 845
630 636
113 186
39 280
693 834
41 226
30 224
72 212
784 829
686 756
428 667
475 502
22 347
376 419
397 557
686 844
739 807
707 712
360 543
800 851
764 817
538 948
481 522
14 28
479 511
441 476
417 475
348 497
372 545
716 770
99 175
503 537
119 122
109 252
506 508
431 432
435 555
194 302
729 882
882 889
436 637
232 298
391 559
698 882
573 677
0 323
142 188
745 829
82 314
414 637
544 563
414 595
412 547
348 438
236 318
724 853
423 492
780 805
745 827
392 423
726 778
734 829
686 734
713 734
809 817
664 666
484 566
357 419
194 196
243 310
432 525
25 199
400 417
353 471
431 475
348 496
696 711
367 553
512 525
254 299
442 563
382 547
784 824
738 751
373 376
281 320
391 567
493 511
686 731
93 310
407 563
573 618
199 342
426 546
370 507
686 739
959 972
573 653
686 855
456 553
615 640
597 611
524 565
364 441
230 253
387 395
705 824
820 848
398 430
113 169
703 815
325 342
402 463
595 675
611 684
99 177
24 194
409 512
429 529
55 185
19 112
632 640
26 123
353 976
484 526
369 389
0 184
52 192
128 211
413 535
373 590
645 669
21 186
697 777
506 559
748 817
0 123
26 199
98 342
483 639
119 150
739 797
34 428
414 598
355 519
705 800
353 412
698 891
492 542
703 827
402 543
238 342
355 403
503 538
774 811
603 609
637 957
40 307
348 369
774 856
376 515
631 679
688 751
25 65
577 650
67 200
348 400
807 838
537 561
688 830
109 239
496 514
566 968
78 275
513 606
771 789
414 603
574 621
431 484
745 795
770 824
122 332
428 526
461 517
416 503
21 345
770 797
395 417
0 202
458 497
465 669
410 568
348 502
88 164
57 204
776 887
348 535
755 849
141 257
0 39
712 816
729 861
348 499
118 304
353 370
416 497
814 853
724 742
747 823
432 507
0 141
169 280
354 557
643 659
186 325
460 461
414 500
513 544
769 869
686 851
752 800
432 497
627 640
395 421
348 404
187 194
456 493
48 53
579 621
492 591
0 250
504 543
866 881
260 322
798 855
185 280
368 456
57 108
705 762
414 587
374 510
68 263
395 527
1 119
862 865
72 132
366 483
605 680
0 157
378 561
89 319
747 830
553 569
348 441
361 450
57 213
353 483
265 342
373 491
737 830
410 548
0 163
107 958
373 434
204 249
359 491
203 341
36 197
368 412
719 720
579 622
419 452
686 689
391 515
416 494
782 786
632 675
693 824
752 820
391 566
488 517
452 521
367 546
754 805
465 495
830 840
428 563
508 534
436 556
409 525
122 239
446 548
686 713
856 889
159 284
686 694
355 460
313 314
62 224
224 271
0 35
686 806
731 766
740 748
25 122
119 185
686 780
422 489
425 427
620 672
428 434
780 803
149 326
581 642
400 506
926 997
372 422
423 465
59 268
56 170
456 496
58 269
348 362
872 885
414 659
391 669
67 156
686 711
686 695
395 511
698 870
348 552
369 381
916 952
107 992
820 853
439 563
169 239
271 304
734 805
496 507
122 232
448 460
508 563
493 557
392 428
662 681
451 465
740 770
437 532
8 110
204 277
260 339
109 277
168 339
359 530
392 482
416 567
387 417
28 149
271 342
96 314
65 118
428 604
612 617
417 460
695 738
0 291
483 567
706 784
609 619
709 843
695 760
236 314
388 496
369 563
0 12
0 159
414 524
392 493
498 532
650 658
105 257
626 680
376 436
400 539
475 523
423 567
381 486
77 332
630 684
404 456
26 271
271 322
728 817
348 486
698 810
6 219
0 153
694 800
696 828
26 252
554 563
404 479
738 745
771 802
718 823
403 470
856 878
350 397
493 566
686 800
376 538
203 265
704 848
774 823
107 978
766 849
107 960
107 897
578 615
409 479
436 559
688 845
517 536
266 302
741 828
705 720
272 329
56 341
752 781
118 283
348 446
142 186
107 580
373 544
98 325
598 619
714 806
641 962
573 605
350 552
465 542
439 566
475 561
26 170
702 839
104 169
232 276
541 568
197 251
348 352
376 557
397 426
373 614
271 297
489 547
246 340
119 332
181 306
511 559
0 341
496 553
500 514
747 765
637 678
353 538
738 853
553 634
756 805
246 315
239 271
566 936
98 113
595 662
972 983
419 518
0 298
567 580
960 998
0 17
416 537
0 238
187 302
388 497
412 538
432 444
402 514
711 847
402 508
0 122
367 519
475 490
742 759
348 565
16 82
348 434
366 376
236 276
734 846
422 545
431 561
133 276
0 1
592 655
436 634
578 640
456 538
394 683
434 517
696 773
566 676
773 842
133 141
500 591
355 548
651 905
348 395
3 67
764 809
222 325
784 828
135 309
422 636
483 561
348 498
763 836
367 475
0 146
399 501
830 849
705 828
373 523
786 829
348 466
612 664
60 239
0 281
600 658
672 678
242 346
137 310
463 507
0 46
348 483
480 563
188 258
94 249
167 337
438 634
211 342
0 254
653 678
353 526
774 869
777 830
306 328
500 546
353 388
707 816
213 340
424 457
417 431
25 325
372 543
687 838
0 311
725 732
414 677
173 427
400 484
94 180
465 524
64 171
465 601
30 271
531 563
507 510
271 290
703 758
395 515
420 514
348 368
357 551
353 404
654 666
484 651
252 291
199 203
805 818
72 252
159 197
597 653
553 565
397 541
489 519
374 669
1 88
353 544
719 762
23 237
118 203
378 495
475 546
687 703
473 561
845 849
412 461
108 272
63 261
696 784
0 108
396 557
452 519
719 787
118 265
29 172
723 734
22 185
45 67
745 758
810 827
348 398
428 508
408 524
308 329
419 440
376 395
627 675
414 632
484 606
703 835
229 334
25 40
392 515
6 319
573 664
21 122
348 464
546 557
122 274
631 678
0 137
132 315
616 639
113 271
104 295
17 111
271 318
9 79
119 217
376 442
107 952
123 239
422 644
348 396
409 561
696 713
752 853
184 346
271 323
211 313
542 559
348 563
729 753
402 475
686 834
40 172
773 831
686 765
713 747
632 643
105 272
186 341
604 669
695 711
783 820
111 279
59 325
414 648
463 475
426 531
145 179
31 67
363 525
395 559
155 157
87 161
107 925
467 532
452 566
128 248
367 566
513 641
428 962
400 561
861 878
376 676
414 621
452 507
739 777
582 599
708 856
686 726
932 980
520 544
463 555
583 643
595 635
740 831
397 543
9 272
573 622
465 487
373 465
107 637
400 580
391 482
248 332
142 280
504 507
0 36
774 840
695 752
107 961
119 313
107 912
514 566
697 890
364 564
475 484
450 519
355 553
362 482
263 296
840 856
981 988
578 595
186 323
474 475
698 800
0 54
272 320
395 669
483 984
696 738
348 510
387 461
745 773
353 394
352 368
506 519
686 758
376 432
461 475
231 239
917 938
367 481
421 493
136 169
814 827
776 867
365 556
395 604
896 902
497 500
239 323
376 547
916 978
348 384
465 558
0 68
199 291
714 789
59 203
371 542
376 460
396 547
26 104
479 536
617 620
21 40
628 681
194 204
21 280
13 223
404 483
169 257
238 261
376 683
414 685
348 430
0 87
109 303
599 662
429 522
628 643
758 849
352 494
258 323
0 172
584 660
348 492
434 458
589 677
422 483
348 465
354 382
473 539
686 747
176 290
531 547
62 239
432 563
727 830
465 475
555 557
78 181
197 272
686 698
66 113
20 343
504 510
415 563
136 285
369 435
418 544
688 754
589 625
586 634
727 845
261 297
407 433
137 140
348 528
0 312
527 538
708 814
428 544
728 759
419 516
584 679
708 781
428 591
430 525
824 844
630 641
643 675
375 525
755 797
484 580
628 661
391 484
26 295
122 342
363 497
25 119
423 506
747 815
376 567
647 670
753 823
9 200
285 332
303 345
430 465
717 798
92 180
460 508
751 842
514 548
507 515
404 419
424 554
786 833
355 475
576 640
107 955
348 390
703 880
636 684
484 520
107 998
751 784
180 196
353 373
698 881
56 211
404 487
348 373
414 584
579 619
131 143
21 248
115 343
506 513
385 524
389 509
376 586
504 521
713 745
609 617
525 538
23 240
113 313
19 115
272 297
403 547
366 513
425 534
265 311
348 504
118 342
182 253
438 556
738 752
423 606
211 271
394 556
106 238
50 334
861 876
718 720
766 847
627 635
779 835
463 557
598 630
465 507
2 326
0 207
348 508
36 108
391 428
40 271
716 728
373 400
185 344
526 553
603 680
637 669
132 311
348 529
488 511
394 601
67 297
348 350
173 202
724 760
224 324
25 148
573 609
107 924
400 409
458 514
520 563
402 415
941 954
271 291
654 677
784 853
503 527
474 547
686 799
3 142
431 651
26 285
444 460
162 343
686 824
107 932
629 641
507 513
688 739
62 122
637 639
378 563
68 99
783 827
402 507
70 230
710 805
109 295
723 826
686 797
577 681
727 849
56 188
64 150
416 419
376 475
348 540
442 523
946 991
171 189
395 620
418 481
782 829
136 213
804 849
619 685
184 320
712 789
199 288
188 208
375 493
457 486
376 497
705 849
107 919
0 160
618 682
19 312
471 513
742 786
91 245
450 548
428 514
626 657
22 324
414 586
557 570
39 161
538 561
463 481
178 272
357 469
810 834
587 645
776 873
434 604
0 216
575 654
285 303
420 507
368 497
348 426
710 711
0 247
105 277
483 563
755 845
828 856
107 899
504 562
415 445
694 815
56 66
500 557
695 834
127 197
360 561
527 567
538 559
524 591
483 566
492 495
139 159
170 250
357 459
392 559
348 382
952 967
98 261
395 560
473 495
659 662
441 501
218 275
25 94
573 597
1 194
66 239
348 530
781 814
9 26
422 474
104 325
460 514
284 309
422 438
595 658
579 616
556 652
474 548
412 507
559 676
396 470
158 291
766 780
348 531
805 853
224 291
726 812
107 916
395 512
716 849
25 105
156 235
188 252
404 440
393 399
360 373
405 568
348 423
0 335
373 641
169 322
475 497
366 517
170 332
423 651
172 331
78 218
495 570
398 445
0 59
348 443
575 617
107 977
0 203
277 290
56 223
954 971
857 865
0 228
14 343
828 837
591 637
308 338
754 779
449 480
376 434
457 505
291 339
186 200
796 829
64 189
378 417
431 536
507 525
772 781
484 953
374 514
348 569
56 221
579 589
366 412
392 553
266 330
122 248
747 849
687 819
368 371
882 886
686 776
268 325
736 850
395 465
579 612
726 754
489 555
577 643
712 742
280 322
363 368
479 561
348 495
497 513
353 432
688 756
127 284
25 237
747 748
483 557
413 445
739 840
27 329
26 188
50 113
686 808
21 235
62 130
857 871
809 827
0 136
444 475
941 971
536 538
414 645
25 31
368 395
461 553
359 547
704 770
118 222
414 655
396 510
603 611
623 684
113 277
500 519
698 864
252 325
89 95
119 146
167 243
423 525
378 400
456 479
0 269
504 506
368 493
360 510
82 313
561 651
702 725
799 813
731 815
0 181
110 259
515 525
170 304
366 520
695 824
439 444
435 518
104 344
686 723
606 936
41 44
373 402
370 523
107 990
8 259
856 861
395 542
763 797
21 325
493 538
690 784
715 834
921 952
460 515
736 818
41 137
103 136
21 127
103 323
494 538
505 509
556 614
630 678
514 525
507 566
758 787
422 596
515 591
0 4
545 558
103 169
408 483
252 345
385 461
422 604
62 186
0 124
712 839
766 827
170 252
402 520
107 896
576 650
431 525
84 237
824 835
370 527
83 84
772 856
698 823
444 544
702 732
511 536
828 838
73 299
0 201
348 456
367 490
896 994
0 285
72 239
586 645
780 835
825 884
592 680
573 684
537 538
805 823
122 345
713 805
484 527
412 527
62 200
172 211
421 455
718 828
526 968
395 545
688 766
136 324
582 643
402 417
72 298
373 506
432 465
867 877
686 835
23 267
9 148
353 637
26 239
9 334
490 548
397 477
764 783
567 610
374 535
106 169
56 332
272 285
953 997
726 752
485 563
376 428
700 794
686 832
391 414
446 515
107 944
158 304
0 10
513 525
872 887
159 281
436 525
397 402
10 285
348 440
0 102
376 423
376 519
611 664
391 456
412 533
376 414
29 231
444 487
706 719
810 815
917 984
544 556
168 277
506 517
640 659
409 462
567 604
414 461
113 199
304 347
0 125
715 738
109 304
456 567
934 980
617 685
715 842
59 186
435 459
103 185
436 542
779 828
713 848
137 167
370 374
579 636
501 564
56 212
0 192
470 519
459 518
694 703
735 819
805 829
455 497
694 795
728 823
473 535
122 285
423 637
793 849
688 723
395 544
200 252
431 538
48 130
243 312
625 633
348 416
768 789
497 517
515 527
412 428
424 435
438 559
20 149
458 507
513 553
446 539
686 733
404 559
148 176
460 567
686 751
711 853
84 236
111 214
59 82
3 228
370 646
373 421
376 400
747 803
747 819
376 570
487 492
107 918
756 827
718 787
487 513
806 822
378 544
28 116
471 507
779 824
414 513
525 537
645 646
527 559
363 373
598 618
361 568
398 517
686 712
430 541
803 820
431 683
690 694
423 560
597 609
373 439
449 507
131 227
0 135
199 211
774 830
55 122
120 247
25 322
373 456
764 828
414 556
450 500
397 439
391 417
408 430
716 797
175 263
354 470
767 822
504 547
115 192
127 184
953 993
596 655
394 620
203 342
380 424
414 644
126 260
122 322
5 213
576 578
348 470
713 738
414 665
159 184
203 331
701 780
21 55
107 353
217 324
67 134
376 431
483 962
26 133
819 835
934 993
460 545
410 500
203 322
353 537
517 561
483 553
603 644
444 473
4 275
372 570
391 488
479 525
118 252
0 330
98 285
437 572
633 666
382 452
720 787
777 824
121 169
396 568
55 104
500 527
475 542
389 554
455 529
420 566
579 617
461 520
596 678
348 366
764 838
271 276
122 236
475 521
697 724
423 604
606 968
353 409
28 140
25 104
280 297
834 842
600 628
56 334
142 322
511 538
439 487
118 211
389 435
465 556
381 551
719 815
366 484
198 549
828 830
414 563
819 827
348 388
701 754
705 809
714 725
394 414
348 445
423 473
412 496
645 651
172 265
0 147
402 561
21 121
82 268
444 503
774 820
713 752
397 546
373 450
823 853
511 561
686 750
864 884
133 271
507 565
98 203
695 754
713 780
708 713
553 609
0 49
697 848
119 170
439 513
628 662
461 524
762 842
231 232
378 580
374 520
169 334
412 676
703 792
5 315
141 271
900 908
376 606
25 236
107 994
525 561
399 476
66 122
87 315
773 774
688 853
544 545
434 523
419 537
391 423
56 60
366 446
483 601
614 669
583 650
512 526
0 110
698 876
694 853
402 523
142 334
483 930
553 556
0 204
625 644
2 226
348 554
376 610
392 487
488 513
26 185
353 430
0 272
697 698
178 303
810 823
599 681
78 273
432 471
173 549
78 195
497 544
376 513
31 280
481 531
687 807
71 307
824 828
635 650
213 239
805 824
0 230
376 507
94 254
579 625
0 347
930 962
158 317
359 557
686 708
376 520
686 748
373 580
376 553
107 941
362 412
465 561
402 542
400 404
107 997
452 546
697 824
389 469
271 332
414 678
596 604
130 300
484 513
708 724
867 874
391 500
355 546
876 878
184 197
737 837
428 561
789 833
696 853
781 823
879 881
115 262
143 321
200 297
265 325
810 847
304 322
698 866
483 494
370 666
703 838
360 524
475 527
387 400
475 488
87 322
150 163
705 719
686 809
698 860
460 566
438 669
818 822
428 461
812 824
414 670
0 248
394 408
708 797
173 414
588 682
429 504
56 98
766 805
688 774
732 791
567 591
40 224
400 421
622 663
422 601
600 665
181 273
8 193
172 232
119 171
482 506
71 230
0 296
417 495
463 517
518 551
496 591
361 530
109 332
67 308
353 520
719 819
492 614
617 666
302 315
414 578
693 705
404 525
