400
0 119
41 115
82 118
0 20
82 121
27 324
101 242
322 323
45 345
350 397
354 376
53 180
170 250
231 332
369 380
9 341
21 284
56 298
248 332
238 325
98 304
82 222
373 390
285 342
225 278
9 323
113 277
44 111
86 227
79 252
21 161
40 334
313 339
167 243
0 130
161 271
57 302
98 113
79 185
122 142
109 148
56 212
45 67
67 345
82 169
67 224
0 17
188 341
69 304
169 291
158 304
122 156
265 311
0 244
0 69
5 158
211 238
134 252
141 236
188 224
360 376
142 252
30 304
109 304
57 80
21 323
25 188
48 126
188 304
57 92
363 367
320 329
360 395
101 317
156 258
24 346
109 118
3 26
0 288
53 88
348 399
0 303
142 169
104 325
260 322
109 186
85 271
0 319
249 304
193 259
88 130
188 291
130 329
98 199
187 299
40 257
21 119
273 328
98 200
40 265
200 280
31 51
9 105
252 334
36 251
73 88
40 304
3 170
72 200
288 315
348 368
161 304
369 389
3 72
111 137
261 297
203 270
13 239
67 104
119 203
0 121
89 147
200 334
21 31
142 323
236 248
122 272
0 44
178 206
128 271
373 391
131 177
200 322
9 85
299 346
96 323
82 148
0 311
142 332
16 332
277 334
281 320
158 325
30 48
55 277
25 331
0 61
108 284
181 275
348 353
93 167
31 308
348 395
0 54
187 242
41 151
72 252
170 334
59 118
25 31
53 266
14 343
13 261
14 151
0 96
0 123
132 317
56 62
297 323
8 193
158 248
0 126
236 252
93 137
67 123
268 325
31 129
20 226
248 277
119 170
166 198
165 342
271 285
110 259
149 162
67 118
67 290
0 177
1 48
21 104
56 315
67 272
26 56
221 322
366 376
71 230
359 396
39 277
2 343
23 237
56 82
21 297
285 313
211 268
119 280
185 344
360 387
148 185
238 313
9 133
141 239
39 165
0 202
122 169
195 306
127 184
127 139
0 18
93 111
254 302
134 277
203 211
376 387
25 88
94 204
118 313
135 309
0 298
119 269
109 323
139 197
119 185
25 288
142 170
26 62
40 133
41 116
368 378
38 248
135 281
26 72
204 242
85 156
21 127
159 172
231 329
348 367
26 295
137 310
3 122
21 235
101 249
40 169
142 158
92 346
119 332
119 199
324 340
24 299
31 291
248 265
142 297
185 274
0 195
66 308
0 259
17 111
20 333
48 80
55 67
7 322
355 396
348 364
96 224
14 149
13 59
61 193
324 329
246 340
41 343
77 294
25 169
25 65
111 312
0 73
0 253
0 193
46 278
239 271
9 148
31 168
48 330
59 252
21 239
113 304
187 346
23 190
2 149
213 315
239 261
359 376
238 324
359 391
94 330
56 271
252 332
14 20
103 323
136 324
197 284
22 158
0 10
178 322
21 322
200 239
29 338
188 323
21 236
248 291
159 320
392 394
172 238
23 227
26 223
7 340
2 226
39 141
3 274
3 228
21 342
53 346
197 251
230 253
200 277
48 322
0 307
113 158
0 93
315 345
0 57
181 195
21 212
158 315
272 304
127 197
137 140
272 346
21 105
123 261
0 140
211 265
122 342
0 62
7 339
180 249
198 393
1 119
13 332
26 323
25 56
130 213
184 309
40 141
0 267
80 94
56 285
98 103
132 334
132 158
65 118
0 297
258 295
188 208
354 361
98 211
53 196
9 297
122 176
186 188
0 148
9 79
31 338
257 315
142 345
89 319
68 143
56 213
194 299
252 325
56 142
128 170
367 373
19 89
40 317
176 271
9 26
128 211
0 248
8 201
376 388
89 219
26 257
13 188
9 176
354 396
180 194
363 366
141 199
0 234
211 223
228 283
0 246
251 281
123 239
236 304
45 104
216 243
0 305
188 290
184 281
0 77
180 254
121 236
0 122
13 118
199 342
303 345
0 204
7 38
115 226
98 172
56 222
62 161
113 252
109 203
104 318
348 361
111 326
0 217
98 186
192 205
56 60
7 129
55 56
0 35
197 272
187 254
99 225
170 176
75 323
169 322
60 239
0 22
143 175
0 50
119 150
108 251
22 277
66 134
378 394
30 271
199 298
1 88
92 204
172 331
53 146
36 135
4 218
0 302
26 67
167 310
26 298
170 290
133 322
0 95
363 368
116 312
0 158
56 122
108 320
188 297
280 304
352 375
58 107
0 187
204 302
81 269
59 238
0 79
16 331
162 312
56 304
88 336
0 237
94 101
0 153
353 370
57 249
49 241
99 278
144 226
203 238
261 342
257 322
127 272
375 398
23 51
280 323
188 239
67 199
260 339
48 203
99 175
0 80
158 339
65 203
62 322
0 278
119 217
25 332
28 151
0 75
116 343
92 330
251 320
84 224
202 329
239 252
310 337
109 119
26 239
226 343
23 245
363 370
59 239
0 190
185 188
26 188
108 159
72 329
118 203
122 188
80 299
220 262
136 315
0 5
85 188
0 287
144 312
144 149
40 315
0 108
48 119
185 271
122 277
119 325
6 89
223 246
9 156
9 291
252 338
21 304
98 291
0 334
0 201
128 313
41 214
188 280
56 136
394 398
1 299
62 200
171 217
8 259
0 285
200 323
265 331
101 204
82 261
31 122
0 161
363 385
101 346
121 165
67 82
3 323
6 95
36 281
26 119
277 280
178 303
199 239
0 215
76 270
0 118
238 271
277 324
98 280
213 303
170 322
78 275
146 285
107 389
140 144
373 378
28 115
170 260
0 98
261 314
25 291
116 140
45 221
75 85
9 56
23 175
67 72
111 337
251 309
315 339
28 144
0 15
239 295
13 26
56 113
199 223
38 339
213 345
133 232
168 304
277 294
26 280
9 224
370 374
50 314
236 303
56 161
130 346
200 224
224 324
348 382
277 323
0 66
194 266
302 315
24 92
348 380
80 187
148 224
120 247
348 386
9 75
95 319
161 258
367 396
200 276
21 134
56 66
30 236
213 340
40 113
10 277
213 291
136 308
92 187
19 175
99 131
53 242
116 162
57 242
242 299
0 299
373 387
119 329
348 397
146 148
13 109
142 285
59 261
181 273
348 360
22 324
271 331
214 333
370 392
23 124
26 69
118 265
203 342
272 291
232 322
67 285
56 223
239 322
150 329
150 217
32 167
67 109
139 281
31 304
369 378
348 389
180 346
199 265
223 315
50 277
196 249
0 137
1 346
272 320
48 302
348 391
0 180
6 319
56 186
353 376
280 291
308 338
0 207
224 291
161 314
128 223
4 78
9 329
0 335
86 175
7 103
24 94
87 161
87 213
348 370
172 211
22 339
0 127
159 197
130 322
142 322
34 348
24 57
360 373
188 274
9 272
56 118
200 304
0 76
194 196
0 229
104 303
355 382
368 371
0 275
271 323
105 272
26 200
186 271
116 326
176 188
119 297
172 239
81 286
94 300
27 329
66 122
232 298
53 191
231 280
113 122
373 376
213 272
188 334
56 323
104 252
266 346
104 186
56 63
162 343
187 194
107 348
10 200
21 281
254 299
27 54
204 330
0 74
170 185
21 271
75 200
133 188
128 252
104 113
94 302
40 332
304 332
26 271
271 291
194 254
56 277
13 98
119 188
85 272
21 142
30 331
0 30
0 103
186 323
130 300
122 285
39 200
9 141
115 220
25 246
122 186
212 295
9 128
21 39
25 186
60 322
56 200
180 266
10 332
249 254
119 318
0 133
155 157
163 249
112 174
26 277
102 296
170 239
10 67
53 330
9 276
0 309
277 290
170 252
66 304
13 236
121 206
85 258
133 271
188 272
0 194
315 323
78 218
0 2
175 277
122 332
0 333
211 342
92 94
236 314
131 143
62 224
200 252
0 116
16 329
213 277
24 53
70 230
26 297
133 280
21 188
271 322
334 339
0 286
163 173
26 276
1 92
0 27
117 285
79 188
125 136
21 277
0 7
88 236
238 342
348 388
348 350
104 200
252 291
195 273
122 224
113 142
203 297
94 346
9 66
8 245
31 252
88 164
10 323
98 119
13 119
38 117
248 311
0 238
353 366
389 397
26 176
67 223
111 343
0 149
246 339
122 252
32 93
56 170
130 257
322 342
21 108
7 31
203 325
364 393
217 324
165 188
24 187
19 112
351 364
224 322
348 390
104 142
172 271
0 270
226 333
146 339
0 241
9 21
268 271
360 362
17 19
194 346
0 4
259 264
56 221
57 108
203 277
184 284
119 252
5 156
49 192
17 137
21 109
67 128
26 291
0 213
152 339
21 248
83 237
211 239
348 374
82 172
8 264
0 166
68 99
186 272
280 290
25 67
115 149
22 185
194 249
149 343
21 169
9 188
212 252
26 304
184 320
98 272
350 384
78 181
180 302
137 337
26 98
304 308
100 150
100 163
133 236
25 203
67 265
222 313
21 332
115 192
285 332
0 82
339 340
1 236
13 304
96 190
7 65
84 304
63 342
243 337
369 381
99 143
0 52
40 77
299 330
212 271
211 325
67 236
56 128
277 332
313 325
13 199
139 159
143 225
58 171
82 98
0 37
55 186
25 176
9 277
128 176
109 252
0 107
102 263
169 239
169 334
0 150
188 322
0 135
0 78
62 142
72 291
3 280
1 73
53 332
136 339
39 119
126 322
17 140
56 342
0 125
0 239
21 186
0 102
21 122
122 303
0 60
40 322
45 142
222 240
28 326
5 169
41 140
186 200
254 330
109 239
118 239
104 122
172 332
0 65
246 308
231 291
113 134
3 200
348 377
35 143
354 359
0 265
252 285
21 67
348 359
246 285
134 334
64 171
231 239
0 124
21 272
14 116
143 278
212 298
1 126
0 188
67 297
0 221
319 327
25 297
242 302
172 313
355 367
59 203
141 304
9 170
0 29
104 128
308 322
280 329
159 277
243 312
142 334
360 388
82 231
285 315
348 385
19 214
8 91
348 362
23 155
0 179
326 343
0 182
0 155
56 261
291 339
0 272
186 345
122 271
62 236
373 392
0 328
62 239
257 295
60 313
0 143
348 394
187 266
96 314
0 295
82 271
25 325
28 116
80 180
0 203
59 82
324 332
320 346
107 363
92 242
111 310
22 168
26 199
0 344
13 56
63 313
119 171
0 38
50 113
363 376
142 236
62 341
271 313
0 183
348 373
75 170
62 186
45 186
170 211
303 322
172 329
94 254
96 133
80 101
184 329
315 329
25 239
119 339
50 119
104 332
20 149
67 239
31 67
195 218
200 324
198 399
119 277
1 53
246 322
75 274
369 397
103 172
73 130
227 263
122 251
236 272
204 329
92 180
0 39
325 342
238 252
299 300
122 274
32 337
158 322
231 315
40 158
0 51
0 56
0 159
56 313
0 25
98 238
249 266
25 73
41 243
245 259
186 277
236 271
0 48
204 213
121 169
199 313
68 175
123 342
197 309
64 100
207 322
98 123
64 119
25 237
122 281
0 329
348 383
85 323
0 292
318 334
36 127
203 268
119 324
107 376
186 303
0 232
274 341
376 391
68 296
243 310
141 271
170 271
56 104
5 316
67 304
147 219
113 148
21 203
80 88
261 318
348 357
95 147
2 312
23 83
7 213
0 258
224 276
178 231
25 94
273 275
9 142
0 87
150 171
56 67
257 280
0 322
161 199
159 345
368 375
189 217
13 342
363 388
104 188
109 122
0 160
281 284
118 199
272 297
143 177
0 106
249 299
352 394
232 271
238 265
1 54
28 140
0 304
19 138
0 210
25 323
0 326
238 261
185 315
0 273
122 322
200 285
122 232
67 322
376 378
118 222
376 396
56 290
55 252
172 212
80 92
0 67
0 282
40 272
186 341
355 397
118 322
82 252
59 250
0 227
0 208
119 239
19 41
0 86
348 349
56 332
212 344
204 346
24 101
150 324
31 280
26 169
25 141
231 232
119 125
56 75
78 195
304 334
129 168
0 105
170 285
0 228
21 280
92 254
0 236
82 331
149 226
304 347
44 343
188 271
239 323
0 261
0 321
299 302
172 268
0 301
39 121
182 253
56 341
131 227
9 199
67 212
186 199
137 289
13 67
106 169
26 172
348 378
199 222
67 185
40 67
72 271
221 303
190 229
0 231
218 275
203 315
133 183
0 146
348 396
324 331
40 132
251 284
348 384
132 311
29 231
38 322
41 93
19 343
359 367
153 280
98 252
229 334
21 40
5 122
122 239
9 295
40 56
0 294
169 315
297 322
252 277
0 327
0 212
21 98
0 222
0 254
0 163
218 328
67 213
355 361
204 266
196 204
56 141
48 53
115 116
111 214
178 272
53 204
128 334
0 162
59 325
31 84
31 237
85 322
109 322
109 332
370 397
103 211
98 122
56 72
131 278
363 374
222 238
23 240
348 356
28 226
118 172
383 387
66 113
354 355
40 224
9 72
48 54
203 338
186 239
208 277
300 320
172 325
158 242
0 63
104 239
67 248
92 299
67 308
143 227
0 223
82 123
348 376
148 229
214 326
7 246
122 136
0 289
40 199
53 302
261 313
25 221
223 239
9 134
132 277
149 333
0 8
168 347
32 137
274 323
142 239
213 332
393 399
59 211
172 304
29 82
80 266
161 308
23 61
59 342
128 150
62 318
280 297
0 141
44 312
0 296
0 251
25 224
161 203
214 289
92 249
118 331
188 200
214 343
93 337
360 370
0 131
170 186
106 329
109 324
197 329
277 322
184 251
128 203
108 272
113 199
8 110
86 278
21 197
145 179
25 170
208 285
211 315
3 142
7 22
60 285
56 291
98 315
109 303
92 302
223 271
73 126
122 323
98 148
53 317
75 272
80 320
84 236
67 158
0 219
30 322
0 314
0 152
236 280
223 313
104 271
58 269
31 200
291 315
24 180
53 254
82 84
139 184
322 339
67 344
29 106
0 97
252 322
56 331
120 136
122 141
290 342
40 142
199 291
56 203
45 303
0 114
285 304
141 323
181 306
97 182
26 170
14 310
0 308
246 315
199 211
41 226
150 189
271 332
10 291
36 197
56 207
101 187
41 144
203 322
56 132
208 332
91 201
25 271
0 42
25 272
0 84
48 199
67 342
148 271
119 200
0 318
119 148
136 213
56 169
141 280
67 315
348 366
0 109
9 25
4 181
0 110
56 322
25 200
72 113
203 308
0 224
0 83
23 99
72 132
203 304
59 268
21 251
25 158
185 200
252 324
67 69
87 291
113 291
277 339
80 194
77 231
80 315
57 320
170 313
285 303
352 398
0 145
203 331
123 334
122 280
72 165
258 291
159 284
87 308
186 221
9 232
26 40
236 257
144 343
232 276
211 272
87 246
72 239
5 235
66 334
0 226
323 341
257 258
122 200
0 9
127 284
98 109
170 342
0 339
56 265
5 180
186 252
198 364
21 159
109 314
0 255
196 330
113 313
50 109
67 252
101 254
211 331
36 108
0 11
25 336
134 238
271 325
0 47
105 257
38 178
0 336
277 291
26 186
185 290
271 290
21 123
0 345
40 271
122 248
116 226
348 352
82 313
5 204
362 371
166 173
0 59
65 339
46 175
0 300
26 212
105 236
62 96
62 323
348 369
137 167
184 197
123 252
91 193
118 238
30 213
59 172
366 368
0 312
366 378
223 342
222 325
5 315
99 296
53 54
169 236
19 174
180 196
177 225
133 224
186 285
0 64
29 172
75 322
56 303
105 119
98 285
113 261
357 389
26 248
146 317
20 115
206 260
109 169
119 229
175 296
250 322
366 395
363 373
113 169
109 297
55 185
0 167
0 235
67 323
26 79
30 224
0 41
67 169
290 323
168 277
109 158
25 270
127 159
5 213
27 119
0 113
40 298
52 192
51 84
98 128
55 170
0 19
65 82
136 156
98 141
3 25
0 136
122 128
0 151
65 252
22 308
172 199
7 304
178 186
308 329
0 181
170 188
0 72
132 315
188 258
322 345
1 194
156 272
0 32
48 180
62 133
0 168
78 273
0 70
80 346
142 200
41 137
0 6
56 119
60 158
0 53
119 132
48 332
88 178
128 213
94 315
9 258
122 344
56 231
223 252
101 194
133 276
122 161
350 369
9 69
67 98
101 266
85 170
115 144
0 243
99 102
142 308
25 277
28 41
370 376
0 249
175 177
103 169
197 320
118 304
119 146
348 387
248 323
199 304
21 121
135 251
67 325
101 330
134 203
271 342
331 332
0 104
40 274
28 149
13 277
29 247
275 328
57 277
308 334
104 277
80 300
0 277
105 277
139 251
89 327
62 130
39 69
113 334
0 58
14 214
304 322
82 318
9 185
137 243
276 322
199 261
0 36
128 315
224 236
348 363
9 119
204 249
98 276
24 194
142 303
10 169
26 142
353 388
252 272
285 322
348 393
199 324
100 217
82 170
21 136
232 280
67 277
236 315
0 111
25 199
67 280
367 391
83 84
0 346
0 172
63 261
249 302
227 296
122 325
98 325
348 381
19 312
122 235
105 148
103 271
175 263
128 248
0 117
104 295
0 23
101 299
104 322
9 280
103 200
242 346
0 290
172 223
98 277
0 156
62 122
172 231
169 280
115 140
188 252
109 142
374 391
9 315
0 33
0 13
45 200
109 277
56 211
213 242
3 188
141 258
113 121
271 280
64 217
273 306
302 330
0 264
9 285
88 242
0 271
89 95
188 315
56 185
119 313
10 285
203 285
252 261
98 104
26 55
315 322
100 323
56 59
26 113
258 272
100 189
103 285
50 334
46 177
67 161
100 119
130 204
227 278
122 203
26 224
119 331
68 177
200 232
198 351
161 277
0 129
171 189
24 249
0 338
32 310
56 188
17 41
0 340
261 285
234 239
108 281
25 231
113 200
0 1
19 227
281 309
86 177
242 266
177 278
84 265
200 248
0 12
20 111
139 284
381 389
141 224
239 285
21 55
82 211
203 272
17 326
165 169
0 49
272 285
239 304
141 257
53 249
26 265
106 231
239 276
21 88
9 161
0 196
170 341
0 332
158 291
14 115
313 314
25 185
59 271
69 105
362 373
376 395
252 304
2 326
67 200
13 65
29 252
21 232
62 276
0 316
188 285
67 75
21 56
376 397
181 328
123 142
80 249
203 261
117 280
368 398
4 152
236 318
4 306
118 271
62 199
82 158
373 388
7 308
180 187
101 302
252 313
244 282
59 186
106 238
118 324
178 213
129 339
1 280
26 236
0 128
122 170
159 184
13 82
119 323
73 299
25 122
118 342
109 325
158 168
395 398
85 176
0 283
142 315
203 341
28 310
378 391
353 363
67 332
225 227
67 196
46 143
110 264
226 312
53 260
199 315
48 130
26 158
107 353
186 223
172 261
261 268
169 252
354 397
67 261
62 170
6 147
24 302
329 332
41 312
80 242
57 204
330 346
132 242
272 281
36 284
303 315
355 359
21 66
113 203
312 343
140 326
170 223
23 267
0 209
68 263
200 203
94 194
21 334
128 186
56 103
75 188
199 238
200 271
56 109
0 85
265 325
39 313
127 251
333 343
119 176
0 256
0 45
0 169
0 247
214 230
204 254
0 205
2 333
265 313
186 236
40 277
26 161
0 147
213 236
370 378
364 399
269 329
165 200
40 200
100 269
203 271
115 343
24 242
20 214
128 169
186 213
0 197
21 26
40 172
25 276
249 315
7 168
98 265
232 285
82 199
77 332
135 184
104 203
122 236
119 128
26 325
151 312
80 213
30 73
224 315
212 239
180 242
115 137
25 98
98 223
55 123
67 113
26 308
261 271
0 14
195 328
348 355
85 274
67 303
199 288
306 328
57 184
144 326
265 342
7 291
363 378
348 398
82 314
367 378
21 274
271 315
50 148
50 146
246 304
88 303
98 313
252 315
59 98
212 304
184 346
79 272
30 188
48 88
0 276
49 255
149 326
40 325
102 175
98 118
0 199
297 324
0 112
72 212
127 281
360 365
107 366
14 41
130 277
55 200
40 231
80 330
13 223
366 391
53 194
161 325
224 271
0 94
123 200
104 344
239 277
180 204
141 272
3 85
126 260
0 268
162 326
115 326
16 29
232 239
0 216
72 172
9 67
188 277
142 271
91 110
170 315
99 227
242 322
94 242
48 320
214 312
200 325
116 214
108 184
0 250
56 98
98 331
99 177
55 122
65 314
98 261
348 358
0 186
199 271
96 274
186 322
26 134
25 79
3 283
16 172
98 170
172 298
172 308
103 339
56 232
25 290
13 313
25 76
7 347
4 195
122 304
239 272
53 248
0 343
55 104
0 157
31 277
0 139
62 67
82 238
118 200
188 342
252 271
4 275
67 134
203 223
213 231
99 263
136 246
25 285
367 376
79 271
104 212
26 128
354 382
221 285
25 39
280 315
186 331
277 304
98 239
236 322
33 42
21 308
17 116
26 123
290 322
25 283
21 223
41 326
118 252
66 67
53 213
17 115
26 133
0 342
103 185
39 161
91 259
90 179
21 170
25 322
127 346
348 372
0 171
211 285
82 268
176 239
56 88
125 169
62 98
199 314
0 324
0 218
69 236
0 91
304 315
25 84
135 320
271 297
252 308
21 165
23 116
29 203
55 203
25 51
0 225
0 214
141 172
148 261
250 252
168 291
257 304
186 325
73 331
26 313
94 320
142 280
0 185
0 306
115 262
266 302
118 261
124 157
13 148
366 374
4 328
197 281
0 174
56 238
172 252
224 232
249 330
25 104
239 344
25 72
0 81
161 339
25 119
136 146
48 57
373 397
0 178
0 134
51 237
172 342
0 28
56 239
13 252
26 109
109 229
0 3
0 170
50 331
156 188
0 31
72 199
0 101
26 332
113 119
353 373
13 238
0 252
56 199
380 389
201 259
118 283
0 175
2 20
169 277
62 261
280 322
67 170
174 293
373 374
67 188
376 390
252 342
370 373
311 325
172 232
50 203
156 235
277 311
41 337
19 289
187 302
88 186
322 341
84 276
208 291
0 281
113 172
199 203
26 334
173 348
366 394
9 30
17 144
159 281
177 227
175 227
16 118
203 334
376 394
115 312
158 232
271 276
87 315
84 313
263 296
254 346
199 325
45 132
309 320
203 239
199 231
88 126
67 141
0 138
149 312
0 71
142 188
203 332
87 339
271 272
34 173
271 314
101 180
67 122
203 324
115 214
13 265
148 176
113 239
158 317
79 200
98 332
77 117
0 164
156 295
200 223
357 369
56 325
21 345
67 136
92 196
72 141
0 206
57 346
172 203
271 277
119 342
302 346
98 258
40 280
102 227
26 141
0 198
31 83
109 295
16 82
170 323
