400
120 136
9 21
0 161
265 271
135 284
135 281
69 236
25 270
0 296
5 213
55 252
30 56
122 188
367 391
271 297
285 342
0 247
0 7
158 339
148 224
20 41
348 379
0 338
113 325
0 228
0 233
373 387
239 276
378 391
66 304
119 342
27 119
82 271
32 137
213 246
26 122
0 76
80 187
40 272
176 188
0 169
13 172
36 197
348 388
72 199
9 304
272 297
78 275
350 384
135 184
248 277
9 224
277 285
169 318
1 53
172 232
0 138
0 120
56 315
56 136
50 148
83 237
352 394
0 341
13 188
122 186
357 397
0 134
22 347
248 252
113 252
200 252
69 304
393 399
29 40
370 387
204 330
17 310
82 268
148 339
213 239
21 40
0 201
238 324
277 334
202 329
122 170
251 320
75 274
89 147
119 280
56 103
109 325
212 232
78 181
64 150
309 320
238 252
109 203
139 281
217 324
121 169
67 200
25 88
54 313
213 285
150 189
65 261
186 252
62 236
48 57
78 218
285 313
224 236
0 206
118 277
128 211
8 245
158 248
119 150
21 197
66 334
232 322
2 326
172 252
99 102
252 345
246 304
348 389
0 248
23 227
245 259
19 112
188 272
98 203
122 303
0 82
322 323
118 238
180 346
104 303
392 394
0 346
98 315
109 169
40 132
98 291
188 274
82 318
111 312
128 334
231 329
31 304
223 315
13 252
0 20
0 274
56 304
186 221
87 136
40 133
0 279
223 246
363 378
136 169
249 315
339 347
119 323
0 328
213 340
7 339
25 176
149 343
363 367
137 243
187 249
88 106
320 329
8 110
312 343
56 98
19 115
0 101
334 339
25 76
200 297
142 334
220 262
48 126
140 214
186 323
230 307
359 361
26 79
203 239
49 255
0 58
110 264
373 391
104 123
239 277
142 303
50 146
0 314
0 123
150 171
122 332
67 239
122 345
254 346
9 142
239 295
184 309
10 291
136 304
79 252
0 304
348 384
51 83
94 180
254 330
0 94
52 192
184 281
25 336
23 245
26 200
187 254
53 146
140 312
48 199
0 195
137 326
261 313
0 252
285 345
39 277
239 344
225 278
261 285
169 257
173 348
50 314
313 314
82 203
67 212
119 331
252 313
184 272
254 302
0 290
0 177
132 242
26 285
20 333
85 323
96 224
72 298
115 312
67 82
348 378
0 284
40 231
5 169
137 289
41 116
99 278
48 320
41 337
6 89
91 264
23 240
59 186
128 213
101 254
26 55
41 115
56 186
62 223
57 277
84 304
213 303
121 206
8 193
0 344
69 121
67 196
39 280
92 302
27 324
67 142
0 97
25 199
99 296
122 315
31 67
82 325
25 26
82 252
21 235
25 141
366 394
265 311
10 277
59 211
75 272
21 232
31 277
0 147
168 339
330 346
373 397
350 397
348 397
86 225
26 212
1 92
24 53
211 265
199 315
21 136
271 272
188 290
2 115
271 291
26 161
238 261
280 304
0 229
3 188
65 118
0 105
141 224
141 258
92 249
158 317
196 346
100 269
159 281
121 315
144 326
305 312
83 84
324 340
249 254
21 322
67 186
9 280
21 315
102 263
59 172
299 302
0 347
354 376
19 174
348 380
25 56
301 324
30 303
239 265
239 304
38 248
238 265
56 200
21 39
113 334
19 138
39 69
0 335
55 170
119 313
266 330
242 266
19 89
0 340
51 237
9 113
212 252
8 201
40 77
109 323
87 213
280 332
290 342
9 148
5 87
118 199
0 180
145 179
96 323
14 343
26 323
172 239
13 118
26 224
92 94
0 130
242 322
0 205
3 9
170 277
259 264
94 101
0 270
23 116
25 94
161 325
198 393
22 277
339 340
67 322
0 250
362 373
40 203
21 105
109 331
284 309
181 218
200 277
31 338
118 313
9 231
82 119
194 204
322 339
0 224
25 203
103 339
348 382
193 259
55 239
16 118
21 297
40 274
36 108
128 271
306 328
26 277
96 274
21 271
0 207
91 259
178 206
69 105
324 329
116 326
21 304
0 318
0 100
56 132
75 258
194 299
0 283
26 203
21 252
142 285
142 308
53 332
273 306
188 208
26 252
208 291
224 271
9 25
56 238
0 245
9 133
348 392
39 105
98 265
5 316
57 249
249 304
62 133
156 295
136 285
0 129
26 158
104 113
48 332
9 342
133 183
56 303
280 329
363 374
142 332
7 87
178 213
238 239
116 162
17 111
275 328
0 249
206 260
67 128
108 197
84 276
143 177
0 319
13 98
88 126
246 339
92 204
92 242
137 167
303 345
14 20
354 355
161 339
214 333
59 252
257 304
128 248
56 285
137 214
161 199
144 151
170 290
100 119
208 332
104 322
239 313
146 148
9 66
46 143
148 271
271 322
26 188
355 361
94 299
236 276
204 242
0 117
170 274
236 272
119 132
9 271
169 236
128 322
21 223
252 280
89 95
130 322
156 235
23 267
113 277
304 308
3 274
4 218
98 122
180 254
39 200
80 266
272 329
186 331
304 324
109 122
109 271
359 376
134 203
285 322
55 67
25 323
99 225
129 339
248 332
171 217
203 331
156 188
175 278
59 203
131 143
87 246
119 285
67 185
56 232
31 168
0 259
100 323
119 217
104 188
7 136
231 332
1 346
67 98
53 180
19 312
122 232
113 119
224 315
130 257
53 213
62 122
169 315
104 203
119 339
102 227
188 304
199 200
20 226
369 380
118 324
22 308
0 42
109 277
41 111
56 203
170 271
62 323
223 252
56 221
231 315
0 91
108 184
122 248
79 119
31 51
197 251
212 304
281 309
170 315
55 122
119 271
67 75
364 393
185 344
103 136
177 227
351 364
269 329
31 291
167 337
67 118
84 265
0 191
161 252
0 18
31 237
322 341
113 342
199 291
93 111
119 332
0 217
136 146
66 122
146 339
21 188
168 304
108 159
360 365
26 265
252 338
53 266
56 118
142 161
67 199
180 249
40 199
141 323
370 388
79 271
213 231
376 395
141 304
0 309
56 185
13 199
348 367
0 211
304 347
73 126
58 269
268 325
0 193
213 315
59 118
276 322
142 203
40 277
66 142
0 61
105 148
166 173
348 365
0 337
123 142
387 395
54 329
106 238
118 342
94 187
126 322
80 320
26 297
0 303
98 118
355 373
0 295
56 141
26 291
0 196
23 83
118 200
85 274
13 236
26 113
68 296
348 363
67 297
107 348
26 257
80 330
186 345
184 320
175 321
56 67
0 225
170 200
0 83
211 342
203 342
200 274
113 188
0 118
391 394
0 306
118 161
46 175
40 172
239 325
113 239
178 231
98 304
200 322
0 28
376 394
26 315
186 272
53 191
82 199
31 84
45 345
44 111
125 136
25 239
134 334
94 300
26 239
56 188
56 169
176 239
0 75
159 284
98 113
119 208
122 277
354 361
213 249
9 186
203 304
25 252
36 127
136 315
188 252
75 323
78 195
17 214
23 155
170 203
285 303
4 195
252 277
204 249
188 239
5 187
186 277
41 343
118 268
26 313
200 232
113 148
56 170
251 284
94 249
374 378
195 306
0 112
0 298
14 151
1 48
257 344
0 65
158 315
64 119
348 356
203 261
4 275
21 108
0 67
374 391
62 322
102 296
98 331
67 161
148 185
57 242
196 266
0 10
348 385
0 308
353 388
197 281
0 30
203 271
16 261
172 298
242 330
0 197
142 271
211 239
252 272
0 263
0 260
99 227
119 318
72 172
0 37
14 41
135 197
224 291
21 104
122 281
197 309
272 277
60 291
394 398
224 232
0 93
28 144
0 78
113 304
119 148
82 238
5 122
172 342
25 31
132 317
304 341
20 44
53 204
383 387
355 367
0 199
67 158
0 115
22 324
1 194
41 214
213 332
40 332
200 332
133 141
395 398
94 315
85 272
146 317
67 104
0 80
299 330
0 266
250 322
99 143
227 263
101 204
348 375
213 345
49 241
261 318
165 188
36 184
239 272
63 271
13 82
41 93
175 296
31 280
108 272
197 329
25 231
0 1
203 322
56 59
98 277
186 203
0 164
31 200
128 313
277 339
80 213
377 383
67 271
82 231
72 232
75 200
0 310
172 238
113 169
308 322
370 374
141 199
246 340
151 310
376 396
119 277
169 291
119 199
0 294
57 80
105 277
82 222
175 277
28 326
355 376
348 354
0 49
67 345
80 315
109 324
40 315
56 341
199 222
118 261
0 24
221 303
0 222
0 44
144 226
239 261
128 169
41 140
72 212
312 326
0 56
68 227
162 343
119 239
248 311
169 239
113 134
4 78
188 224
84 224
223 325
56 331
56 223
204 213
113 142
29 172
21 55
128 265
40 113
45 221
80 299
0 146
29 252
0 136
113 172
21 31
252 325
211 325
118 239
277 315
21 274
9 26
59 250
381 389
236 322
40 298
0 267
227 296
67 315
0 281
181 273
196 204
133 280
56 75
0 268
122 304
249 302
17 326
112 174
48 53
116 343
2 343
51 84
315 322
92 266
56 66
56 290
