400
0 323
172 298
148 185
102 263
141 323
87 213
109 325
170 285
99 263
236 272
1 299
109 331
21 325
122 248
67 212
203 331
39 105
0 245
10 277
161 258
26 128
203 324
142 332
7 22
186 221
141 271
82 203
109 169
26 40
8 91
211 238
113 122
0 111
13 313
9 232
376 396
24 299
274 341
77 294
266 346
89 219
14 226
162 312
20 149
56 72
339 340
45 104
363 376
223 271
69 236
156 188
123 318
19 319
252 265
0 214
59 203
146 339
0 279
148 229
58 107
30 224
285 315
9 79
376 397
62 142
108 197
0 153
147 219
25 105
60 239
72 291
108 159
29 82
302 315
0 249
213 285
26 297
86 225
0 127
0 222
119 332
1 133
0 246
9 169
21 297
0 209
85 274
30 48
309 320
322 341
27 54
0 283
0 66
7 213
115 226
203 211
172 238
107 363
369 397
77 231
117 285
142 161
13 148
252 342
21 169
119 277
243 337
26 212
0 291
0 161
133 236
41 115
88 303
348 351
17 137
297 324
92 254
141 172
108 251
155 157
57 242
333 343
104 322
3 25
203 325
2 20
25 325
394 398
122 345
172 211
148 176
118 283
36 197
128 334
94 299
239 265
186 345
0 87
0 85
348 374
325 342
223 239
26 123
348 380
62 122
104 212
9 122
56 211
172 325
136 156
99 102
50 277
94 101
277 339
13 236
108 284
9 30
48 88
21 235
141 239
59 250
79 271
169 185
100 189
0 112
50 146
75 274
26 62
141 276
199 223
67 304
25 79
48 271
172 277
0 9
195 275
14 312
220 312
135 251
77 332
98 276
91 259
56 200
100 269
104 169
176 188
357 389
68 296
13 119
367 391
98 313
113 271
199 313
57 204
299 302
104 122
0 251
238 265
128 186
88 336
41 230
243 310
121 280
41 226
39 121
143 225
115 137
56 212
26 141
127 281
0 204
31 83
26 169
23 190
324 331
163 173
181 218
31 129
40 274
161 277
109 200
322 323
0 258
67 118
8 193
4 152
0 110
104 252
134 334
23 227
0 185
348 358
0 126
363 385
363 366
13 109
359 367
206 260
89 95
17 140
17 41
0 293
363 388
84 237
134 248
55 277
0 144
156 258
36 127
314 342
376 388
0 102
119 125
119 217
40 133
80 194
213 239
13 172
67 280
127 159
25 170
88 242
0 57
0 238
199 203
208 285
324 332
69 105
56 128
57 302
28 310
120 277
31 142
59 186
252 334
104 295
98 203
177 225
280 329
34 348
25 39
40 239
0 182
14 116
144 326
211 325
50 331
291 332
7 87
67 185
3 170
376 378
137 310
152 275
98 304
119 188
208 277
58 171
121 169
389 397
355 397
0 347
19 138
223 246
0 72
25 94
305 312
222 313
21 40
196 249
25 224
72 298
227 278
126 260
142 285
151 310
56 170
178 186
180 187
285 304
0 24
67 277
67 334
10 323
268 271
236 257
56 172
82 119
0 275
67 156
146 148
116 226
239 313
73 88
150 324
376 394
172 261
57 108
21 280
5 213
66 252
1 280
158 168
141 257
203 315
135 284
14 326
98 285
169 236
105 315
115 149
118 325
122 186
0 63
161 271
0 60
91 201
0 346
0 71
141 280
57 320
134 304
229 334
83 237
213 315
133 315
185 280
24 101
109 271
113 304
0 322
24 194
170 268
176 239
40 325
56 221
352 394
238 261
40 212
56 59
266 302
353 363
139 197
67 322
67 104
2 115
236 276
176 271
122 261
0 65
130 329
166 202
0 149
9 315
226 312
0 104
0 44
41 44
25 199
370 378
25 291
6 219
16 329
250 252
348 356
329 332
203 285
231 332
288 315
370 387
137 140
128 203
128 213
0 16
111 279
200 285
53 299
121 206
9 156
200 304
0 56
9 134
24 346
203 239
0 260
124 170
184 284
118 161
59 268
25 73
303 345
353 388
249 346
62 161
196 254
21 136
0 332
199 252
21 56
13 211
158 315
280 290
59 252
88 178
199 315
373 374
242 330
36 320
0 164
128 150
122 128
9 69
3 280
93 111
320 346
7 31
75 323
186 323
213 291
0 208
59 271
98 211
181 306
236 304
56 113
26 315
66 239
300 346
35 143
133 232
0 285
0 40
142 322
181 195
363 368
31 338
200 325
119 170
0 121
111 326
204 213
40 265
348 398
3 85
40 132
277 311
46 143
68 225
308 323
40 224
98 315
175 321
5 180
122 285
188 224
24 80
109 324
48 302
26 239
4 275
0 234
0 316
142 203
36 184
133 322
265 331
56 122
257 258
25 31
122 323
96 274
72 141
273 328
94 204
67 344
68 175
82 271
71 307
65 118
146 285
56 188
53 322
13 59
31 109
4 273
178 206
139 184
0 337
134 238
48 54
30 304
9 199
186 341
353 376
64 100
26 265
136 169
67 345
0 290
277 280
354 396
84 313
101 330
25 141
165 334
109 252
25 72
236 248
171 189
103 211
55 261
23 237
109 295
0 82
9 56
53 249
212 344
118 268
0 7
72 271
31 291
254 346
56 304
348 381
48 73
291 329
0 54
212 271
40 203
57 184
53 346
0 201
104 325
53 254
86 227
200 203
0 282
188 272
21 281
26 72
104 123
21 127
13 26
257 315
0 74
123 239
136 304
21 186
5 316
31 84
348 384
224 232
265 311
0 273
188 341
26 170
99 296
51 84
98 272
203 297
165 342
0 97
170 322
105 119
123 261
0 308
135 197
364 393
169 257
387 395
101 266
23 99
56 118
78 181
13 118
158 248
130 213
249 330
53 146
272 281
134 199
46 175
280 297
75 304
31 339
7 347
26 313
136 315
20 226
263 296
0 33
26 295
48 203
0 345
123 142
22 339
87 161
67 342
161 213
39 257
375 398
25 130
82 314
275 328
143 278
143 175
0 138
56 169
119 325
0 318
82 261
162 343
0 312
184 346
85 170
26 257
0 17
5 87
0 139
40 67
44 343
0 76
25 280
118 322
20 326
59 98
94 180
246 304
175 263
185 290
200 334
0 230
51 237
204 277
308 338
56 276
170 200
165 169
3 122
181 273
352 398
167 337
0 151
367 376
0 55
21 345
238 252
273 275
62 341
238 271
246 322
188 280
21 104
39 200
14 28
169 322
261 342
87 339
322 342
7 38
0 205
213 249
98 252
188 223
359 361
92 266
67 119
30 329
109 119
118 277
14 41
54 329
5 156
0 311
25 288
78 306
248 277
369 389
363 370
6 319
175 296
80 249
249 302
261 285
129 291
19 312
224 322
21 122
38 141
280 322
161 325
22 168
122 169
122 315
0 130
67 69
125 169
172 199
0 281
128 315
39 280
24 242
66 334
172 271
252 261
194 242
31 280
0 58
9 322
56 334
0 154
50 314
40 142
169 291
0 263
0 325
363 374
80 266
184 320
25 276
21 25
101 180
53 315
131 143
140 214
0 310
26 134
13 199
80 180
323 332
207 322
200 324
232 280
348 378
25 56
75 170
348 349
67 196
101 302
99 278
53 242
139 251
239 325
63 342
118 203
184 197
211 304
21 188
239 295
200 224
257 295
353 391
72 199
1 322
142 323
265 313
30 322
359 376
277 315
0 177
252 325
252 271
0 26
21 304
242 249
130 257
0 289
93 337
272 297
20 162
211 342
187 194
198 351
86 278
66 122
374 378
234 239
252 322
0 141
373 390
56 132
242 322
113 165
56 342
24 266
134 277
348 364
180 254
0 117
8 110
21 142
170 185
9 252
9 342
21 322
0 100
252 315
172 313
348 367
29 172
50 203
24 180
80 187
88 322
25 122
31 277
67 303
0 256
26 55
128 248
87 246
281 309
0 32
222 240
277 290
62 186
9 271
348 359
21 161
184 272
8 201
28 326
366 395
67 134
0 274
306 328
326 343
105 272
213 332
303 322
252 308
67 252
56 207
0 180
0 36
22 87
61 193
98 239
315 322
186 322
105 236
25 176
0 176
75 85
348 396
149 162
72 212
204 254
227 296
0 166
322 345
130 346
103 136
290 323
137 289
122 332
22 277
56 82
122 303
67 109
9 26
133 183
59 239
19 175
62 200
252 345
98 223
16 118
223 265
132 315
142 297
0 96
73 331
194 346
0 247
103 323
122 344
0 120
32 137
98 170
285 322
92 302
23 230
26 66
25 331
21 252
159 197
277 324
53 204
339 347
9 224
119 171
44 111
128 322
26 224
216 243
153 280
26 334
56 199
0 77
3 283
99 225
21 39
203 341
140 312
57 249
142 303
82 331
348 354
98 332
213 224
56 291
0 53
173 348
49 192
169 252
170 277
57 80
131 278
40 304
56 104
182 253
290 322
21 323
304 341
68 263
172 252
69 304
3 67
355 376
197 272
62 133
82 199
272 285
119 185
82 148
178 322
132 303
104 344
168 339
226 343
26 236
103 252
258 295
232 285
370 376
116 312
199 200
300 320
272 277
348 363
82 318
223 261
272 291
82 211
0 172
355 361
186 239
115 326
98 199
213 246
348 399
354 376
129 347
113 325
177 278
109 186
123 334
113 313
370 397
106 332
127 320
13 271
36 251
118 324
78 328
55 56
308 322
17 312
218 273
118 134
180 194
53 260
30 178
127 197
232 239
0 336
376 391
0 51
170 211
95 147
144 343
280 304
0 212
9 113
14 20
0 157
41 116
315 345
0 8
239 261
277 334
141 258
3 323
0 143
98 119
109 158
104 128
36 281
80 242
3 72
16 261
0 195
0 147
101 254
0 5
1 73
132 158
25 257
7 103
242 346
261 271
26 276
25 113
0 303
8 264
142 334
223 342
355 373
62 261
366 376
53 248
21 308
271 315
204 330
63 271
84 236
36 284
277 325
199 304
115 144
56 142
123 252
142 188
226 333
0 334
161 322
78 275
48 330
199 324
188 258
26 118
0 89
127 251
0 39
62 98
134 252
25 169
123 342
0 52
1 194
40 272
67 186
213 272
211 265
236 303
197 284
118 271
23 240
67 72
64 217
0 79
0 80
28 144
30 331
0 301
189 217
7 340
0 269
45 132
172 342
94 254
285 332
25 270
199 265
118 252
115 220
21 55
184 281
203 272
161 199
23 155
102 175
21 31
0 165
0 220
360 395
130 277
1 88
258 291
0 81
17 214
83 84
231 329
56 285
78 218
0 264
0 294
170 260
9 67
53 130
1 53
265 325
106 231
19 41
67 223
26 252
248 265
170 342
7 308
118 222
133 224
0 341
166 173
88 236
261 268
297 322
9 295
25 252
136 213
148 339
170 332
0 192
80 204
102 227
204 302
85 156
122 203
304 347
0 99
223 315
113 291
26 161
62 318
91 193
105 280
128 265
360 376
92 204
142 169
355 382
188 334
221 322
60 291
123 186
67 170
0 188
238 342
212 304
186 236
204 329
98 331
21 66
122 280
136 322
0 168
251 284
313 315
21 165
30 213
0 14
115 140
119 313
13 56
236 322
41 151
30 188
21 170
136 339
142 252
0 137
271 342
0 42
92 330
67 325
92 346
172 223
0 298
239 322
0 241
257 304
361 396
67 113
0 31
67 136
172 329
0 38
31 168
101 204
19 115
34 173
26 158
224 276
104 113
19 227
94 330
21 223
40 113
53 92
244 282
85 272
158 325
19 112
41 144
95 327
9 85
0 146
262 312
53 180
150 163
56 134
313 314
360 373
56 161
252 297
0 113
26 203
30 56
0 167
254 266
360 365
113 172
224 324
10 291
0 296
62 224
103 185
50 119
45 122
16 172
19 89
25 231
284 309
161 314
0 123
168 347
46 177
116 326
203 313
271 331
103 169
200 276
122 136
25 246
0 28
48 322
119 189
119 329
25 277
0 2
116 162
5 169
188 271
117 280
98 261
48 57
194 204
21 248
252 324
304 332
0 19
26 67
45 67
81 269
103 271
0 228
0 304
53 266
65 203
2 116
0 142
26 69
26 200
67 332
30 236
26 285
353 394
55 122
0 84
147 319
0 261
353 370
57 277
87 322
232 271
118 304
169 271
25 148
67 315
203 265
85 188
0 218
21 334
21 274
104 318
9 128
144 151
1 126
20 115
180 249
122 200
348 375
200 297
48 199
0 131
312 343
199 238
272 304
6 95
108 320
131 177
0 330
2 226
17 19
213 345
0 314
29 203
150 217
261 314
211 222
128 271
21 239
238 239
143 227
199 322
26 79
144 149
0 69
30 303
211 239
170 341
22 185
188 342
0 34
56 67
67 224
21 26
40 141
158 232
96 213
36 108
109 314
284 329
222 325
10 142
277 332
0 45
180 346
194 302
0 215
0 225
59 261
21 315
125 136
48 53
118 313
54 313
118 261
92 196
25 283
10 332
142 186
24 187
104 303
357 397
185 315
122 342
98 238
139 284
3 228
21 236
23 124
108 272
39 165
72 132
354 355
31 51
271 314
137 326
192 205
56 136
146 313
13 82
277 285
122 322
395 398
187 266
0 326
28 41
118 200
350 384
142 345
172 308
40 334
0 250
25 69
72 165
45 186
113 186
98 277
0 292
9 291
224 261
67 323
110 264
29 252
224 271
194 249
119 269
348 377
122 325
19 343
0 122
68 227
9 280
25 188
152 339
119 252
0 267
0 295
13 304
26 185
186 223
10 285
236 318
26 280
104 277
62 276
21 67
5 158
82 238
211 271
0 198
0 162
23 61
30 271
58 269
142 308
26 104
94 300
56 272
203 268
113 132
188 323
0 155
59 82
168 304
23 267
132 242
0 46
3 274
2 326
0 237
100 323
187 249
16 332
48 126
0 124
239 280
53 332
26 122
80 315
22 324
121 165
80 173
141 236
0 272
9 329
9 72
277 323
350 397
62 223
0 20
94 266
9 285
67 261
26 172
218 275
4 195
57 92
239 276
21 313
67 236
150 189
56 213
0 257
135 320
200 239
92 249
354 397
271 276
92 94
195 328
119 297
373 388
55 186
223 325
199 231
136 324
67 128
104 200
0 78
3 200
186 188
56 290
188 200
25 98
26 119
277 322
142 280
185 272
150 171
257 272
172 203
239 272
0 103
366 374
118 342
80 213
348 369
146 317
280 323
67 324
100 150
212 298
128 176
14 214
180 299
38 322
119 208
56 325
109 142
248 311
14 310
188 239
0 27
75 258
265 342
232 298
40 271
203 338
92 299
127 184
26 232
25 40
159 184
7 246
122 235
0 94
5 315
299 330
67 199
203 238
86 177
285 345
142 315
9 25
304 325
26 186
20 333
132 277
39 119
271 325
10 169
193 259
48 180
353 366
0 276
360 362
56 331
79 119
28 115
79 272
62 130
113 342
315 339
53 101
354 361
56 341
0 206
0 152
0 25
67 272
119 148
45 142
127 346
272 329
9 75
25 103
109 332
348 385
26 223
203 304
200 252
367 396
223 313
67 239
128 172
40 172
186 271
211 261
99 177
66 142
198 364
49 255
13 261
348 350
109 323
23 83
7 304
9 176
0 186
67 200
139 281
184 329
92 180
98 104
85 271
9 119
53 196
367 378
20 343
118 239
25 185
41 214
378 394
0 98
172 331
82 325
213 236
31 304
106 329
271 272
80 299
122 123
0 299
67 248
136 246
141 224
66 67
148 272
141 304
252 313
5 187
103 200
168 291
231 280
348 379
0 118
112 174
67 203
25 239
272 280
67 79
369 380
69 121
0 320
271 318
254 299
136 285
91 245
40 199
135 309
140 144
122 161
119 128
348 352
0 244
211 272
331 332
167 310
0 21
1 54
54 119
167 243
109 148
126 322
29 106
0 288
128 211
127 309
366 373
170 203
199 342
280 315
149 343
113 203
56 298
115 262
119 323
26 188
370 374
231 239
0 163
62 323
101 187
94 194
186 277
10 200
30 200
214 289
271 298
130 191
139 159
188 252
9 21
22 347
211 268
72 329
67 123
5 204
36 309
88 186
94 242
373 378
218 328
252 304
80 94
13 98
119 199
348 353
204 346
225 227
106 238
156 235
88 106
25 323
85 323
322 339
381 389
20 41
26 323
368 375
40 315
31 237
152 181
200 280
0 10
56 222
238 324
141 291
41 326
25 272
102 296
72 272
0 187
119 342
98 109
28 312
9 185
199 288
230 253
188 322
111 343
122 304
197 309
0 305
40 258
21 88
19 289
142 158
252 291
56 231
199 271
199 314
119 163
68 99
0 95
257 280
101 346
40 158
246 339
348 368
204 266
275 306
357 369
0 224
1 346
99 175
7 291
260 339
226 326
13 265
0 132
45 221
144 226
109 277
368 395
348 397
93 310
202 329
261 318
261 313
149 312
136 146
0 268
196 204
128 169
0 231
80 346
32 167
25 237
91 264
248 252
185 188
197 251
139 320
134 203
62 96
96 323
171 217
89 327
348 386
3 9
41 310
348 395
246 315
29 40
0 128
200 277
271 290
374 376
242 266
24 249
65 297
113 239
24 53
134 142
0 252
310 337
149 333
277 342
170 252
0 22
297 323
98 141
40 231
348 391
48 130
166 198
248 291
119 331
31 67
0 210
93 137
19 174
312 326
122 213
351 364
172 268
186 200
0 129
4 181
127 135
170 313
348 376
9 142
0 191
28 140
251 309
391 394
56 322
120 136
115 312
187 302
148 261
0 338
170 334
64 119
0 277
170 323
115 192
0 15
25 186
25 221
53 194
0 106
313 339
137 337
252 272
236 314
239 304
0 335
98 128
122 141
0 23
0 49
170 274
98 118
122 284
285 342
0 306
40 56
53 94
271 304
211 331
261 297
180 302
374 391
299 346
31 252
59 342
170 176
376 390
36 135
271 285
0 223
9 272
21 109
26 142
252 280
0 18
79 200
90 179
360 370
200 232
169 277
161 252
122 239
60 285
0 265
41 93
56 223
98 103
122 188
301 324
0 213
0 48
348 373
236 252
319 327
271 280
169 280
203 308
62 236
175 227
59 118
217 324
25 203
67 75
13 252
257 344
200 274
50 109
53 213
98 172
392 394
185 322
2 312
363 373
261 345
268 325
32 93
25 84
348 382
277 304
366 368
0 75
9 186
98 271
178 272
212 295
67 271
0 343
348 361
236 280
113 285
133 141
118 265
0 236
100 163
111 137
28 151
0 183
94 187
66 134
142 239
188 208
186 325
116 214
24 94
98 342
0 270
9 66
62 67
170 290
67 141
115 343
252 338
104 109
186 272
265 271
13 325
271 322
0 243
142 277
87 308
324 340
277 291
164 285
96 224
21 277
258 272
0 203
330 346
119 285
119 122
116 144
119 271
373 387
0 41
67 290
220 262
116 140
77 117
302 346
280 291
7 65
364 399
0 189
109 322
245 259
31 122
194 196
242 254
174 293
0 221
56 63
370 373
242 299
122 156
163 249
185 285
0 327
62 141
55 170
67 158
117 231
76 270
0 217
25 285
31 308
72 239
13 238
16 29
67 308
143 321
258 323
19 293
0 229
19 214
360 388
80 330
103 339
86 175
322 329
0 134
60 322
82 222
49 241
59 325
13 239
272 346
188 304
159 272
0 119
45 345
368 371
181 328
0 240
48 80
0 319
172 231
187 346
9 148
7 136
135 184
0 278
92 187
55 252
0 328
0 59
113 188
188 285
44 312
111 214
38 332
29 211
0 29
62 239
9 277
113 121
266 330
118 172
137 167
354 382
1 48
75 200
0 114
88 130
203 271
23 116
98 325
26 277
24 57
122 252
40 213
82 170
9 200
9 141
368 378
97 182
0 3
145 179
185 271
75 272
40 329
21 184
176 290
113 142
198 348
56 62
92 101
40 257
248 332
64 171
0 116
239 338
109 303
67 122
3 26
0 339
25 236
113 252
214 312
21 123
133 276
82 123
251 320
122 274
0 194
92 194
154 219
67 265
175 177
0 181
0 115
0 43
280 332
203 322
21 212
21 105
0 226
9 323
194 266
41 140
380 389
99 227
213 340
82 252
105 277
104 188
56 315
32 337
169 248
304 334
56 185
21 119
101 299
186 285
200 223
39 277
252 285
239 323
108 184
29 118
199 261
92 242
169 332
122 276
315 324
82 158
67 169
89 319
56 239
0 11
21 272
40 298
0 315
200 322
348 388
0 101
162 333
172 239
0 179
142 170
113 261
122 142
96 190
0 108
239 271
361 376
103 172
180 196
0 125
98 291
63 261
39 313
136 308
104 203
26 133
185 274
9 188
59 172
0 219
369 378
45 303
132 134
84 265
66 113
186 213
106 169
0 197
373 397
200 236
222 238
352 375
32 310
24 92
360 387
23 175
196 266
26 291
94 302
103 285
26 325
17 310
159 284
121 236
101 249
0 324
0 30
169 239
25 76
104 239
159 345
373 391
51 83
25 119
178 329
348 360
231 232
281 320
303 315
98 280
62 322
290 342
308 329
195 218
109 118
115 214
56 60
9 161
355 367
0 317
25 158
142 271
14 343
214 343
348 365
99 143
41 137
190 229
0 4
56 109
107 376
0 67
162 326
213 277
272 320
84 304
144 312
355 396
113 148
0 156
376 395
17 111
159 320
0 253
0 170
25 232
9 276
20 214
2 149
252 332
180 204
25 51
188 291
13 188
84 224
180 242
73 130
132 334
13 65
188 297
225 278
203 277
122 236
199 212
172 304
41 343
28 116
122 271
271 297
116 149
56 265
9 258
62 170
271 313
20 44
56 88
53 317
41 243
96 133
9 105
113 119
81 286
105 257
187 242
119 200
170 186
55 104
132 317
87 315
67 297
148 271
211 315
0 309
0 184
25 88
56 261
122 176
26 98
271 323
9 334
118 331
67 213
249 254
158 322
170 250
354 359
302 330
0 107
80 101
0 211
285 303
158 339
213 308
40 307
13 223
0 64
25 83
25 200
213 324
48 320
110 259
14 115
214 230
68 143
122 297
38 248
94 249
40 317
21 159
9 231
119 239
231 315
1 315
355 359
249 266
177 227
127 284
122 272
0 340
67 188
30 73
199 232
0 193
50 148
119 229
214 333
9 297
128 313
188 277
359 391
56 297
0 344
0 150
85 176
14 151
60 158
0 1
199 291
285 323
26 308
128 170
67 82
199 239
56 203
25 336
25 332
142 200
94 346
308 334
67 313
211 313
104 271
188 274
107 389
129 339
150 329
239 303
5 235
55 185
175 277
239 285
56 66
195 306
200 248
26 298
60 313
0 12
79 188
276 322
111 312
0 300
9 133
236 315
221 285
254 330
185 344
228 283
56 323
65 252
252 277
0 321
348 371
187 299
0 190
352 368
85 258
186 252
348 393
48 299
13 342
0 199
0 91
200 323
67 285
243 312
224 315
87 136
175 225
0 6
56 332
273 306
122 281
122 170
184 309
203 270
0 242
257 322
21 342
122 251
98 200
0 233
0 140
82 268
348 372
172 265
156 272
82 169
334 339
277 294
0 70
98 265
186 303
159 172
57 213
6 147
109 229
56 141
25 290
109 239
232 291
0 88
0 73
111 337
370 392
113 277
187 254
67 161
271 291
41 337
246 285
348 392
299 300
165 188
50 113
0 313
188 315
132 311
79 185
178 213
140 326
89 147
45 200
181 275
172 232
128 223
362 371
0 68
122 224
0 287
194 299
55 123
161 339
79 252
98 258
185 200
10 67
0 50
383 387
158 304
55 239
88 164
40 77
52 192
219 319
159 277
0 133
366 394
165 200
197 281
53 302
119 248
203 332
348 370
115 116
72 200
119 339
178 345
48 119
56 119
173 202
65 261
21 121
38 178
0 262
204 242
3 142
4 328
97 230
88 126
199 211
348 383
212 239
59 238
118 199
80 320
113 199
0 207
348 362
7 129
129 168
113 169
212 232
113 134
311 325
9 304
324 329
0 174
197 329
214 326
185 297
31 200
94 315
158 332
231 291
135 281
101 242
122 277
221 303
0 37
70 230
22 308
21 200
0 86
0 169
320 329
271 277
2 333
55 200
353 373
0 307
118 238
285 313
39 161
107 353
109 285
26 304
56 186
13 21
91 110
133 271
0 227
178 303
119 146
277 308
291 339
21 251
65 339
41 312
40 169
55 203
348 394
118 211
0 92
186 199
78 195
21 108
172 332
119 280
0 35
0 266
56 271
21 232
203 334
208 291
188 290
203 342
105 148
21 134
348 389
26 248
20 312
119 150
348 387
65 82
25 104
362 373
304 308
0 175
47 301
161 304
0 333
25 65
0 13
0 178
48 332
40 232
25 67
28 226
72 113
100 217
78 273
232 276
53 191
121 315
7 339
224 304
23 245
40 200
137 312
7 322
359 396
149 326
169 318
170 304
393 399
170 315
0 61
119 132
113 158
55 67
23 51
93 167
348 357
21 203
82 118
40 277
0 271
39 69
370 395
0 259
13 277
87 291
224 291
223 252
373 376
56 232
186 203
4 218
213 322
25 271
85 322
161 203
8 245
260 322
0 90
21 271
9 170
0 160
242 302
251 281
1 92
265 298
239 344
25 297
17 115
56 103
14 149
261 325
4 78
82 231
224 236
56 238
17 116
313 325
284 320
159 281
172 212
0 284
213 242
25 26
208 332
27 329
13 332
98 148
62 199
33 42
107 366
348 390
170 188
72 232
363 367
148 224
9 203
26 332
169 315
0 254
53 330
39 141
104 186
65 314
254 302
249 304
72 252
56 303
96 314
98 122
348 355
56 252
119 318
104 332
0 232
318 334
259 264
141 272
80 92
199 325
100 119
0 83
29 247
304 322
111 310
367 373
196 346
67 142
16 82
98 123
73 126
137 214
16 331
184 251
203 261
26 176
169 334
238 325
197 320
63 313
201 259
21 98
0 171
180 266
0 159
213 231
363 378
0 148
64 189
156 295
41 111
0 47
80 300
68 177
160 260
239 277
170 271
238 313
56 75
304 315
195 273
137 243
170 223
194 254
75 188
26 199
368 374
0 109
95 319
199 222
82 172
21 332
281 284
376 387
0 93
101 317
22 158
0 239
0 342
158 291
107 171
104 142
158 242
236 297
161 308
75 322
178 231
27 119
200 271
246 308
124 157
82 84
315 329
224 332
59 211
249 315
142 236
246 340
26 322
23 144
113 334
5 122
196 330
26 109
27 324
7 315
269 329
0 331
40 322
113 200
17 326
56 277
17 144
25 322
56 98
131 225
196 285
0 202
94 320
120 247
133 280
119 261
0 158
0 145
0 173
199 298
38 339
101 194
98 113
82 98
24 302
0 280
108 281
368 398
0 136
0 248
203 223
128 252
128 199
26 113
0 329
2 343
186 331
0 255
9 341
0 200
149 226
311 344
0 302
82 121
230 307
198 399
53 54
366 391
304 324
119 324
99 131
0 105
233 256
122 232
109 304
0 216
40 280
131 227
0 196
98 186
200 332
378 391
14 144
130 322
315 323
67 98
56 313
1 119
370 388
291 315
170 239
0 62
40 72
6 89
8 259
3 188
20 111
84 276
109 297
0 297
53 88
133 188
66 308
26 271
239 252
141 199
373 395
350 369
0 286
0 235
82 313
211 223
108 127
