400
0 325
186 200
14 144
348 386
169 318
103 323
124 170
0 190
92 196
0 221
78 328
271 323
0 254
72 132
115 262
3 72
360 388
40 172
0 206
25 199
128 186
272 285
98 103
40 231
132 334
214 326
0 207
128 248
56 122
134 304
0 179
56 66
0 268
238 239
87 339
0 169
3 323
20 44
238 342
257 272
185 280
13 82
0 303
175 263
118 304
122 239
21 281
170 250
350 384
84 313
203 325
360 376
136 146
203 334
0 255
118 283
363 388
9 67
0 58
0 121
96 274
68 225
41 243
271 277
69 236
261 268
378 391
348 393
196 254
238 313
213 224
211 222
63 271
233 256
180 194
104 344
103 185
113 277
45 132
105 277
5 213
203 304
82 170
0 149
185 290
172 252
122 213
56 59
199 298
7 304
0 239
21 248
144 326
0 17
98 239
122 281
41 116
0 1
7 347
21 88
2 20
14 151
93 111
21 203
122 248
67 156
186 223
119 332
0 324
128 271
0 259
0 287
9 203
13 65
232 271
198 348
59 261
156 272
302 346
236 280
130 277
188 334
184 272
55 123
44 343
159 320
0 43
0 34
272 329
56 199
225 278
300 346
26 55
21 98
105 272
348 376
146 313
185 188
25 257
24 101
122 271
161 325
0 28
364 399
0 131
108 197
53 146
0 264
10 291
19 227
23 240
376 391
26 169
229 334
355 382
10 332
9 79
103 136
3 142
166 198
85 188
163 173
359 396
238 324
0 115
0 35
161 271
155 157
265 298
221 285
0 81
41 214
113 134
161 277
122 142
376 387
154 219
53 330
3 122
119 313
0 247
56 223
203 265
25 232
88 164
56 265
0 196
199 231
14 116
325 342
161 322
0 16
118 271
185 274
170 252
0 156
28 310
98 113
348 363
109 142
369 397
0 127
265 311
348 355
0 173
395 398
175 321
285 342
56 128
31 304
355 367
203 285
178 329
9 169
348 375
121 236
331 332
34 173
277 342
0 347
76 270
197 281
1 280
109 239
0 342
35 143
119 261
9 258
166 173
41 140
118 239
56 276
224 276
348 366
22 347
25 185
0 163
166 202
214 312
142 303
288 315
252 313
0 240
211 261
203 342
67 186
40 332
373 374
67 323
25 221
122 161
56 161
0 275
92 180
106 231
48 203
231 232
202 329
373 391
184 251
377 383
25 237
66 113
0 95
8 259
315 324
125 169
0 308
350 369
186 303
366 378
66 122
63 261
82 211
13 109
360 362
28 151
217 324
62 318
50 113
163 249
0 159
304 341
196 346
291 332
60 239
25 288
252 325
186 341
25 280
197 251
368 375
22 339
199 304
0 248
25 290
51 84
25 94
98 123
14 28
203 341
41 115
348 371
101 249
94 187
169 334
26 142
291 329
13 252
67 119
88 178
129 347
239 304
17 137
122 297
130 329
0 116
65 118
159 197
49 255
30 178
266 330
14 41
13 26
55 200
112 174
65 203
40 232
45 322
88 242
67 315
133 315
135 320
113 122
26 297
169 332
79 252
79 272
53 88
121 315
41 230
245 259
111 343
39 200
25 322
69 121
0 256
39 119
56 109
31 168
56 113
224 315
0 174
203 315
186 277
272 346
13 313
67 122
36 251
212 344
4 218
348 349
115 140
309 320
223 261
136 169
53 94
0 29
122 285
66 304
79 185
254 302
0 327
24 180
23 51
280 322
36 309
6 89
62 200
301 324
122 280
186 271
34 348
150 189
75 258
38 248
91 193
56 98
0 139
0 260
230 307
122 123
25 88
199 211
113 169
0 85
0 152
0 118
21 280
140 214
22 168
0 319
53 204
144 226
172 238
31 109
31 339
59 239
98 200
0 10
13 271
199 200
67 188
96 224
87 308
26 280
56 169
355 397
110 264
248 291
142 161
21 159
172 203
383 387
55 104
352 394
203 338
0 133
128 150
355 373
249 302
7 291
4 78
45 200
22 158
119 324
141 172
13 238
118 238
175 227
348 383
19 138
319 327
0 286
98 252
393 399
62 67
0 68
348 389
127 159
67 261
0 126
9 200
0 21
302 330
0 151
152 181
0 148
194 346
88 322
53 130
94 346
26 252
172 268
238 325
115 326
213 285
167 310
218 306
85 323
162 326
276 322
198 351
213 236
0 232
0 215
56 325
0 25
339 347
25 119
257 344
87 136
0 33
0 202
8 110
54 119
195 275
251 320
348 384
88 336
40 132
172 331
59 172
0 222
23 230
185 200
103 211
219 319
86 278
348 358
111 310
72 141
80 266
0 90
223 271
32 137
249 346
21 40
156 258
0 298
48 320
366 395
0 111
0 313
195 306
67 313
0 140
141 199
16 329
53 249
25 72
80 94
40 200
111 312
0 276
239 252
14 310
373 376
17 19
134 277
39 280
113 325
109 200
118 268
26 224
17 41
0 299
156 235
7 87
0 4
82 331
151 310
142 285
0 182
40 113
258 291
360 395
0 138
142 200
176 290
271 325
29 40
0 150
199 203
19 293
19 41
22 308
0 77
172 265
16 332
366 394
134 252
5 158
195 273
143 227
199 342
265 325
59 252
13 59
81 269
0 147
68 175
1 126
56 342
122 170
127 184
0 120
113 285
26 223
72 200
21 31
2 326
242 302
136 324
26 66
26 295
187 242
28 116
133 232
55 239
213 249
0 125
0 331
118 161
271 342
58 171
99 175
67 297
281 309
62 170
188 280
62 98
363 370
80 92
0 56
3 26
0 199
360 373
105 315
0 124
0 59
101 302
10 200
0 307
132 134
13 277
109 324
21 39
0 238
33 42
180 254
0 75
353 376
9 30
31 84
0 289
58 107
122 325
16 29
107 348
53 101
355 361
62 133
80 194
277 291
82 313
363 374
168 304
120 136
9 176
13 21
115 149
170 322
104 113
104 239
21 67
213 340
315 323
199 261
13 199
25 285
200 277
56 239
56 75
67 265
0 162
98 272
66 308
85 322
26 200
227 263
167 243
53 92
9 185
56 290
184 197
26 285
1 346
136 304
107 171
67 248
86 227
0 36
151 312
158 248
91 245
40 322
72 232
0 183
113 158
0 281
111 337
56 134
142 169
113 342
0 141
0 136
25 277
0 92
26 248
65 82
193 259
14 214
246 340
0 119
0 83
200 285
67 271
80 242
122 188
148 272
200 239
141 271
366 374
0 266
29 247
75 85
4 328
56 60
128 203
89 319
165 334
53 266
369 381
0 243
274 341
130 213
25 323
26 257
236 248
156 188
297 322
173 348
25 325
120 247
188 291
252 271
82 271
132 158
92 194
196 330
117 280
108 251
258 295
28 312
0 244
156 295
0 96
249 315
21 332
272 297
122 345
354 397
56 238
67 134
133 276
9 341
92 249
261 265
146 317
98 291
224 332
39 257
56 323
0 84
90 179
21 56
175 278
122 284
9 272
359 391
109 271
7 65
56 63
116 343
0 185
104 295
353 363
162 333
67 158
67 203
53 248
273 306
297 324
0 335
92 302
64 100
186 203
227 278
9 72
214 289
25 158
172 342
25 79
93 337
0 200
7 103
59 342
226 343
261 271
280 332
41 44
36 197
0 178
119 217
175 277
107 389
127 284
9 276
45 186
232 276
101 317
187 302
56 185
251 281
25 186
232 291
213 239
239 323
360 387
180 242
23 61
119 125
158 332
113 252
0 15
80 187
348 399
41 93
218 273
0 79
82 121
0 295
104 186
252 297
96 190
78 181
26 199
238 252
348 396
36 281
0 109
67 170
9 128
13 223
189 217
170 260
199 212
280 291
180 187
275 328
31 280
21 342
367 396
20 312
130 204
0 157
135 284
0 66
101 299
354 359
78 275
272 304
284 320
149 326
55 56
175 177
84 224
200 280
168 277
348 368
51 237
113 271
98 277
85 170
0 98
178 206
82 169
181 275
250 252
57 249
67 223
118 211
0 48
98 325
378 394
108 284
67 196
194 196
67 277
105 257
110 259
361 396
197 272
22 277
212 239
159 172
72 298
149 333
169 257
102 227
9 323
62 161
55 67
366 368
67 82
0 277
268 271
67 142
146 285
0 329
354 396
64 171
261 313
9 329
13 261
224 232
88 126
252 277
0 321
9 133
204 266
105 236
142 315
93 310
137 289
24 249
306 328
68 296
123 252
142 170
129 168
99 296
348 350
91 201
118 134
200 271
277 325
31 277
374 391
21 272
80 173
0 165
141 276
333 343
0 236
127 281
109 186
127 320
58 269
374 378
0 297
100 189
211 268
99 227
1 236
25 26
122 332
132 303
204 254
180 196
133 141
0 309
98 199
169 236
75 274
161 258
10 142
13 332
25 170
65 339
26 271
348 351
26 119
196 204
8 245
23 267
56 103
139 159
211 342
271 291
128 334
26 334
56 213
165 342
0 184
48 199
239 272
119 280
141 257
0 218
75 200
92 266
59 271
94 180
172 304
284 309
211 265
142 252
252 304
227 296
53 315
170 332
115 343
258 272
25 224
208 285
26 62
172 232
158 325
98 331
0 250
31 252
41 337
108 184
0 279
48 54
119 163
213 308
118 277
354 355
59 211
160 260
98 238
186 188
204 330
148 229
71 230
190 229
266 302
122 141
133 322
180 299
203 238
315 322
31 129
376 390
149 226
29 82
66 252
143 175
123 334
0 204
111 326
223 325
48 271
200 274
3 25
242 330
363 378
26 313
0 205
142 271
0 340
38 178
25 65
107 376
1 315
1 194
32 337
128 172
236 314
212 252
96 213
161 308
0 322
40 77
0 63
373 390
0 320
161 339
53 332
0 249
67 75
24 94
56 221
24 266
25 67
271 313
109 229
56 322
19 115
0 53
62 261
4 275
6 219
21 313
135 197
186 252
100 119
142 203
273 328
67 104
178 272
118 199
113 261
13 236
348 361
56 334
62 186
62 276
169 291
55 122
21 121
80 213
348 372
30 213
26 185
26 141
56 304
68 99
170 277
368 395
0 160
348 356
128 176
271 322
118 172
213 246
108 320
239 313
285 313
188 297
109 158
9 85
10 169
39 69
0 263
246 304
142 236
26 304
200 203
352 368
80 346
3 67
232 280
26 186
98 170
224 322
67 141
203 211
59 203
22 324
30 322
373 387
239 338
199 325
122 277
0 216
67 169
67 285
113 291
223 252
94 266
159 284
199 288
0 316
106 238
21 104
239 280
261 285
4 152
41 343
244 282
62 199
142 297
25 84
98 258
387 395
102 296
0 212
98 276
122 276
65 252
0 300
0 198
308 334
248 311
26 322
118 265
252 334
104 109
5 180
21 308
25 122
211 325
213 324
62 323
304 347
250 322
23 116
78 218
45 104
25 252
49 192
142 322
203 270
98 148
85 258
82 172
67 324
213 277
180 204
119 325
0 294
71 307
57 302
315 329
25 336
0 213
168 291
24 80
238 261
0 310
139 284
39 141
181 195
122 186
134 248
30 271
360 370
9 21
261 318
64 189
0 332
121 206
0 191
236 272
299 330
180 266
133 183
101 330
122 128
187 299
370 387
40 224
0 224
17 116
56 212
75 322
23 99
106 329
17 214
32 167
98 119
0 209
2 116
64 119
84 304
94 315
0 343
204 277
119 208
116 140
16 82
100 217
308 329
80 330
0 82
2 343
200 232
67 308
7 315
239 325
170 334
96 323
199 322
150 217
27 119
21 119
104 142
56 315
40 133
103 200
260 322
64 150
119 132
40 258
277 304
21 232
312 326
172 239
213 303
104 252
188 271
82 84
0 132
0 49
0 290
0 45
73 126
109 323
19 112
82 123
25 246
122 303
284 329
108 127
57 346
196 266
170 313
56 277
239 277
9 199
159 345
116 149
169 322
133 271
54 313
26 123
67 98
231 315
55 252
129 291
8 91
0 145
194 254
184 284
0 177
0 176
0 65
0 110
80 315
98 271
135 251
82 203
203 297
13 98
170 285
246 315
204 302
211 272
116 162
7 308
67 113
184 329
369 389
99 102
48 80
0 31
40 298
281 284
131 225
252 285
26 161
95 319
142 345
31 338
285 345
130 257
0 105
119 146
25 200
75 272
87 322
299 300
355 376
121 169
16 172
13 188
361 376
4 306
13 325
257 304
161 199
0 39
249 330
13 265
119 318
40 212
186 236
26 158
26 212
91 259
29 338
28 140
25 203
188 208
28 144
53 260
212 271
0 97
232 322
203 277
236 297
0 315
208 291
98 211
9 342
104 203
87 161
113 199
0 338
200 224
199 232
79 200
158 317
25 297
188 274
41 310
348 359
60 313
21 188
133 188
84 237
199 222
51 83
188 323
10 285
40 72
60 291
194 242
169 185
368 371
9 105
17 115
26 98
26 72
188 258
91 110
170 315
172 261
104 123
20 343
149 312
203 331
150 163
109 277
87 315
103 285
0 334
185 297
69 105
212 298
176 271
355 359
140 326
362 373
0 143
117 231
246 322
2 149
30 304
357 389
109 169
0 170
200 324
0 87
23 237
56 62
330 346
17 140
0 227
226 326
107 366
38 117
186 239
359 367
363 368
290 323
25 331
131 177
172 231
223 315
5 315
186 199
0 189
248 277
91 264
119 297
0 6
170 200
84 276
99 177
354 382
30 224
56 261
41 326
184 320
173 202
56 88
75 188
0 252
201 259
122 232
117 285
376 395
188 224
122 236
178 322
167 337
326 343
21 108
14 20
170 268
170 342
322 342
158 304
170 239
59 268
127 272
348 398
56 271
0 135
50 109
199 271
38 322
67 303
159 281
139 251
29 252
26 134
118 200
308 323
56 298
63 313
59 250
29 203
231 280
277 322
101 346
25 31
113 132
159 184
9 122
0 7
59 186
59 82
194 204
1 133
14 115
40 158
19 175
118 342
359 376
136 322
242 254
56 188
373 395
0 64
92 187
303 322
200 323
3 9
269 329
208 332
177 227
0 142
98 285
119 199
118 324
73 88
0 284
75 170
348 387
348 353
0 117
186 272
86 225
175 225
271 298
248 332
0 237
277 315
118 331
83 84
297 323
103 339
158 322
0 11
199 291
277 294
56 104
221 322
82 158
95 147
88 130
199 265
0 225
252 280
26 128
158 232
109 325
0 91
67 252
56 142
113 172
324 331
94 330
97 182
122 261
120 277
123 261
132 317
53 346
9 134
348 370
82 148
1 92
85 272
170 274
238 265
203 261
22 87
161 252
0 99
187 346
111 137
129 339
304 332
50 119
0 267
92 94
359 361
119 128
0 128
24 242
206 260
0 101
348 379
103 169
99 225
77 332
252 338
26 239
108 281
136 156
0 9
170 176
79 188
254 299
49 241
45 142
348 357
199 324
5 169
0 341
13 148
123 142
0 8
196 285
21 165
252 315
29 118
213 291
67 118
170 223
21 66
172 325
348 388
40 67
224 291
348 380
60 285
165 188
141 258
113 142
184 309
142 158
48 57
0 114
66 134
153 280
178 231
56 222
87 213
48 322
124 157
104 332
280 323
40 169
188 239
101 180
352 375
98 128
0 100
27 329
92 254
21 334
0 13
9 170
93 137
144 312
228 283
222 325
6 147
262 312
172 298
109 332
119 329
128 315
40 141
0 265
94 249
158 291
25 271
172 212
274 323
122 251
56 207
139 320
56 200
101 194
169 271
0 47
136 285
315 345
0 52
32 310
39 277
376 396
277 323
246 285
231 291
0 197
223 265
131 143
223 239
25 176
200 297
97 230
25 188
0 312
348 352
4 195
68 263
7 246
109 303
82 268
59 118
23 175
315 339
80 300
123 239
21 315
100 163
66 67
272 280
0 153
213 322
239 322
363 373
0 30
148 271
53 194
21 161
26 332
186 213
380 389
113 148
348 397
348 354
304 308
19 214
89 327
249 254
0 262
137 167
3 170
122 304
376 394
119 188
0 311
199 238
116 312
198 393
59 98
69 304
9 25
21 200
9 285
211 315
348 381
243 312
0 193
40 304
366 373
313 315
1 73
0 144
56 285
140 144
53 299
0 24
200 276
8 193
25 104
186 345
353 370
263 296
249 299
351 364
25 51
68 177
72 329
9 156
133 280
158 315
0 219
39 313
13 342
139 281
0 103
367 376
0 155
56 291
277 311
130 300
40 257
0 55
134 334
17 312
50 146
128 170
57 108
94 254
67 128
100 323
7 340
115 137
122 136
188 341
208 277
82 222
0 337
30 200
272 320
140 312
56 172
25 270
313 339
203 223
184 281
348 362
231 329
223 246
0 280
9 304
40 56
0 20
73 331
28 115
0 226
96 314
115 192
271 297
9 231
80 320
142 277
115 220
141 239
119 252
122 322
113 186
186 285
67 123
20 115
320 346
203 322
172 211
242 346
0 137
122 200
0 62
115 214
261 342
68 227
94 300
122 203
254 266
0 164
79 119
20 214
170 323
212 232
55 170
109 322
236 303
102 175
19 312
53 322
222 238
185 322
0 273
50 277
107 353
104 200
67 212
39 161
354 376
119 189
0 231
56 118
98 104
135 281
0 220
98 342
322 329
22 185
36 135
9 334
252 332
19 319
128 211
24 53
353 391
30 56
92 242
67 79
62 130
370 373
128 265
100 150
391 394
40 271
212 295
21 235
21 136
119 176
26 113
67 199
52 192
116 326
122 169
55 185
186 323
21 105
23 124
100 269
172 223
67 325
139 197
251 309
141 224
0 32
200 334
72 165
38 339
197 309
200 248
180 346
370 388
98 265
105 280
144 149
25 272
158 168
348 385
88 186
271 272
281 320
21 170
249 304
127 346
118 322
123 186
0 46
56 170
188 322
142 186
211 313
25 169
3 200
170 186
170 211
1 88
0 251
23 245
214 333
48 302
104 277
122 252
159 272
67 342
31 200
126 260
119 203
9 224
28 149
78 195
67 213
85 271
98 186
0 14
8 264
20 326
145 179
277 332
21 109
30 303
21 345
0 89
21 184
56 82
17 310
207 322
177 225
224 324
329 332
252 261
26 323
322 345
242 249
200 223
119 269
56 331
0 278
82 261
104 212
56 303
