400
56 141
0 172
141 276
200 274
360 376
239 271
104 200
120 277
9 119
26 298
59 325
13 271
104 252
23 237
26 313
172 331
184 272
87 136
236 276
41 243
128 265
109 277
60 158
56 285
39 105
142 322
100 163
59 268
0 41
177 225
252 322
186 323
86 227
285 303
132 317
133 271
9 186
350 384
45 221
40 315
46 177
350 369
123 261
175 225
36 184
186 199
48 57
25 322
25 200
128 315
368 374
4 328
20 115
313 325
41 93
0 253
20 343
16 332
122 251
78 328
68 296
150 171
135 197
66 334
0 298
119 248
0 195
56 132
173 348
82 170
257 295
236 280
360 387
119 146
0 285
273 306
119 125
172 308
0 225
373 391
84 237
62 223
122 176
21 252
67 136
186 236
72 172
0 85
67 123
134 203
1 126
62 142
17 326
196 204
354 361
31 51
26 170
118 203
98 148
84 224
355 373
285 304
0 97
9 285
184 281
118 200
98 172
318 334
39 165
150 324
25 232
25 176
364 399
70 230
239 313
26 56
172 223
366 395
238 325
14 20
122 232
96 314
109 148
304 341
25 199
118 161
118 134
17 144
75 323
49 255
25 40
9 156
35 143
107 366
56 169
239 325
31 291
180 302
251 309
303 322
122 169
56 63
67 188
119 323
187 346
366 376
4 218
94 302
139 197
82 148
239 252
141 236
156 295
242 302
200 271
0 14
94 187
313 315
130 277
136 308
48 332
0 88
0 104
0 279
0 278
199 232
186 203
196 249
0 325
25 130
10 285
5 187
348 368
25 94
73 126
303 315
158 248
199 304
281 309
200 276
0 291
182 253
225 278
93 337
101 330
102 175
257 304
102 227
72 252
271 280
113 291
348 396
0 259
62 186
180 299
0 321
139 184
9 272
170 185
17 111
26 79
113 165
143 175
0 119
0 177
26 295
0 182
25 113
0 254
113 252
252 334
80 249
159 272
0 2
133 315
13 261
100 269
0 48
57 92
59 98
143 227
186 221
5 158
3 9
257 280
82 119
213 272
55 104
3 122
19 289
193 259
26 142
172 239
308 334
32 93
265 331
128 223
21 123
21 188
149 312
99 175
13 82
0 67
139 284
71 230
158 322
208 285
162 343
169 236
0 310
53 249
231 239
110 259
69 304
113 169
21 25
118 313
254 302
348 367
214 230
0 169
141 291
92 346
170 342
180 204
106 231
368 378
291 329
26 113
41 226
20 44
109 304
118 238
7 322
24 57
0 93
0 168
303 345
197 284
395 398
194 254
168 339
199 238
274 341
140 312
354 382
92 302
82 261
87 213
3 200
348 372
348 354
75 85
272 304
127 281
133 322
92 94
48 53
212 252
80 242
128 172
40 113
187 242
10 169
65 261
299 330
21 322
213 285
118 271
4 306
23 230
169 239
107 376
48 320
30 329
0 83
186 345
186 188
104 295
68 143
126 322
186 303
170 334
211 222
23 124
13 223
200 297
260 339
109 324
55 203
252 291
101 249
115 226
41 214
56 200
186 252
258 272
56 341
252 315
92 254
162 333
273 275
9 329
60 239
211 272
98 291
376 387
242 254
367 391
56 103
122 128
67 280
40 142
265 342
381 389
1 346
0 158
67 170
44 343
25 283
31 339
98 109
29 247
94 242
175 278
1 236
0 297
351 364
20 312
354 355
28 140
0 87
142 345
23 240
53 196
115 262
161 325
142 239
236 314
204 266
277 325
143 278
281 320
101 194
185 285
122 274
40 329
188 224
156 272
360 362
104 109
277 280
204 254
53 299
75 304
130 213
222 313
109 119
40 224
142 236
0 185
21 26
185 271
200 232
24 266
119 200
67 277
64 217
0 57
101 180
366 391
254 330
118 331
376 378
140 144
85 170
198 351
0 135
26 223
57 346
119 297
116 343
3 228
348 389
13 265
359 391
30 224
199 203
67 315
67 186
0 246
8 245
161 199
231 291
273 328
14 326
348 363
213 345
0 156
66 134
199 223
181 218
104 122
200 223
257 258
94 204
128 334
169 322
178 186
119 217
0 164
103 172
204 302
238 252
109 285
0 10
224 236
82 84
0 96
224 322
238 313
203 315
62 200
265 313
88 164
135 309
0 301
124 170
0 9
232 271
0 148
19 312
67 236
98 199
348 357
9 133
308 323
31 168
92 101
56 82
56 88
122 342
0 292
185 344
216 243
26 128
50 334
168 304
260 322
185 280
109 239
199 265
44 312
7 129
67 261
135 320
26 252
88 322
62 239
75 258
142 169
21 308
169 291
0 322
119 342
197 309
117 285
0 272
98 258
245 259
122 252
55 122
92 194
9 224
0 65
105 257
96 224
118 199
7 339
25 237
0 230
146 148
33 42
223 325
323 332
0 24
184 320
206 260
117 231
94 249
88 186
200 332
80 173
48 271
128 186
132 315
0 11
82 158
213 277
186 331
301 324
5 235
201 259
26 257
68 225
56 265
7 87
238 261
67 169
113 119
21 236
53 254
194 266
0 1
0 37
113 313
170 268
315 324
130 322
45 132
142 200
79 188
178 213
41 310
258 291
133 276
185 322
53 92
348 375
65 314
31 83
64 171
56 136
40 272
111 326
20 41
170 290
62 122
4 273
21 122
5 122
30 56
108 159
98 200
109 271
0 328
21 297
238 265
196 330
67 248
208 332
78 218
0 112
276 322
30 271
9 85
55 170
64 100
115 312
29 172
62 276
113 200
92 330
171 189
8 91
0 287
9 148
127 197
118 304
26 280
93 137
252 338
0 228
67 109
232 298
161 258
16 29
9 75
242 266
0 101
0 84
132 311
2 326
0 89
24 194
56 75
24 242
178 345
54 329
239 261
0 345
25 170
220 312
353 373
91 201
56 172
82 118
7 291
122 224
67 158
104 113
41 116
203 331
71 307
376 395
280 304
184 309
315 329
213 303
288 315
136 285
0 201
9 271
25 51
199 325
0 132
133 236
0 190
21 235
0 294
17 214
248 311
223 265
59 172
59 261
170 315
3 142
238 271
248 323
203 211
10 277
28 326
172 199
77 294
134 142
0 210
26 98
60 322
257 322
284 309
56 60
56 297
95 147
175 277
119 185
203 238
98 272
3 170
1 54
0 211
169 271
204 249
169 318
98 104
370 388
21 159
56 304
197 320
186 322
113 239
0 56
378 394
62 170
258 295
55 261
348 374
8 259
72 113
0 247
62 161
59 342
13 21
40 334
261 342
186 200
108 320
21 184
72 200
29 231
130 191
119 285
169 277
0 193
98 280
34 348
67 303
72 272
369 380
55 252
180 196
118 172
38 141
131 225
0 179
299 346
0 35
119 171
227 278
48 54
84 313
36 108
55 239
89 319
322 323
32 337
127 309
20 326
21 142
334 339
184 251
0 147
249 304
45 122
136 339
200 322
7 347
13 109
0 8
203 334
204 213
142 277
0 194
392 394
354 396
62 199
22 185
0 334
223 271
221 285
311 344
161 314
108 281
40 322
58 171
103 271
32 167
148 229
0 231
109 325
186 223
313 339
30 213
188 304
212 239
94 266
188 291
271 325
26 40
40 274
77 332
116 162
285 323
104 318
25 84
111 337
141 304
119 208
186 213
348 362
49 241
25 105
92 204
118 324
98 123
80 300
67 308
26 308
56 261
26 322
0 269
0 312
21 39
248 265
86 175
25 252
36 251
363 378
139 281
41 44
103 339
113 203
115 140
360 365
203 239
261 268
65 82
115 220
360 395
0 140
21 304
226 333
21 200
277 308
0 153
0 248
139 320
242 299
25 272
236 252
72 329
249 330
109 158
277 290
130 346
252 325
128 199
0 159
374 378
31 304
0 332
261 325
199 313
2 116
218 328
26 185
141 224
391 394
26 332
204 242
0 340
374 391
83 237
85 176
113 304
55 56
25 290
146 317
180 346
41 337
194 242
199 291
105 119
84 265
213 291
98 325
92 266
197 251
96 213
25 31
122 344
24 187
67 75
67 122
122 239
196 266
141 257
104 239
322 329
203 332
1 119
23 245
178 206
261 318
7 31
93 310
211 325
55 123
98 332
290 322
23 227
203 272
213 249
0 240
29 118
348 349
141 271
231 332
3 25
329 332
128 176
27 329
200 325
22 168
0 111
180 254
141 199
131 143
25 73
244 282
0 331
115 326
0 32
108 272
85 156
119 261
226 326
67 134
60 291
99 278
0 196
202 329
30 73
67 113
213 242
9 232
1 299
25 79
80 315
66 142
373 388
56 291
132 334
122 280
121 169
348 388
17 310
285 332
98 113
0 181
82 222
108 184
366 373
1 88
65 339
23 116
9 67
163 249
348 364
271 291
142 188
0 316
73 299
3 274
26 291
144 151
121 315
322 341
161 271
0 262
93 111
360 370
9 276
55 200
0 288
223 252
27 119
5 156
21 345
62 98
376 388
211 265
113 277
22 277
203 265
348 392
56 72
378 391
29 338
0 290
64 150
101 187
38 332
62 318
0 216
17 19
118 239
348 353
67 334
355 396
2 312
0 220
252 332
211 238
0 137
360 388
5 180
238 342
355 359
9 258
25 331
172 261
9 66
56 185
63 313
126 260
25 88
195 275
186 277
91 264
41 144
26 134
223 261
57 249
136 146
98 223
170 285
142 203
171 217
26 69
88 336
20 149
53 266
107 353
119 150
104 332
72 298
239 338
199 239
322 345
170 274
28 149
64 119
0 284
257 315
184 197
0 166
40 239
40 271
203 342
0 86
56 104
158 315
222 238
181 273
159 345
361 396
199 261
96 323
62 224
62 133
250 322
0 102
24 53
25 325
46 175
0 94
21 127
21 232
186 239
9 315
213 231
0 36
67 252
14 115
130 257
14 41
246 322
136 156
144 343
199 271
119 252
14 151
19 89
272 291
40 265
0 80
0 20
0 323
224 271
56 322
9 56
98 252
25 169
119 229
4 152
275 328
128 203
348 395
236 303
156 188
3 67
299 300
119 313
98 211
7 304
172 298
199 322
130 204
373 374
222 240
0 160
0 187
0 212
46 278
67 323
68 227
26 186
0 129
87 339
370 397
188 342
348 350
129 168
48 88
30 200
225 227
213 315
271 342
19 175
0 79
113 342
0 136
10 291
59 203
123 252
119 132
172 232
21 313
203 261
104 128
159 184
40 307
315 322
45 67
272 277
266 346
230 253
6 219
40 231
24 346
53 315
257 272
13 342
94 320
175 177
0 39
188 208
135 281
277 304
21 104
0 117
31 109
326 343
0 198
0 342
348 383
59 186
22 308
48 180
128 211
186 285
188 239
94 254
22 87
221 322
68 175
0 103
104 142
184 346
184 329
218 306
88 130
170 186
68 99
169 280
0 18
0 139
199 288
83 84
348 382
353 388
25 148
31 308
196 285
0 46
0 224
13 313
132 242
80 101
175 321
9 134
101 302
127 284
56 342
67 156
176 239
119 280
109 297
239 277
170 200
118 277
128 169
2 333
67 213
180 249
39 69
170 277
9 105
40 317
268 325
348 390
53 88
122 322
14 149
271 304
113 132
152 339
172 329
94 180
79 272
27 324
100 217
272 346
363 374
80 94
383 387
165 342
271 315
297 323
53 191
111 279
236 248
150 217
75 200
48 203
100 119
14 343
178 303
302 346
29 211
39 280
376 390
29 203
26 109
0 58
172 271
9 203
187 249
0 271
21 55
230 307
188 280
200 304
40 158
39 257
40 213
355 367
40 172
0 295
277 323
45 186
111 137
67 200
75 170
28 116
106 238
122 248
142 280
19 227
86 177
8 264
0 238
175 263
21 223
180 194
185 188
0 305
142 161
0 274
146 285
119 269
87 246
59 239
118 252
246 285
65 297
162 312
0 161
122 297
9 322
94 346
9 341
21 88
23 267
14 310
0 183
87 322
367 378
154 219
21 277
67 272
200 252
128 271
213 340
224 291
158 325
56 272
122 277
40 72
271 276
249 346
0 144
58 107
25 332
252 297
139 251
29 40
24 101
48 126
127 320
82 169
56 134
97 230
188 323
277 315
188 277
25 72
56 238
45 345
0 184
51 83
271 313
265 271
178 329
188 223
156 235
31 277
8 110
100 189
161 252
0 126
203 308
53 322
34 173
2 226
242 249
0 171
8 201
67 285
265 298
184 284
92 249
0 142
304 347
291 339
214 326
313 342
271 298
0 165
109 252
30 178
176 188
124 157
24 94
271 272
0 127
0 145
57 302
56 221
188 258
186 272
320 346
105 148
389 397
26 161
77 117
59 250
25 188
7 308
348 351
150 189
187 194
348 373
0 314
9 280
167 337
78 306
16 331
251 284
67 239
131 177
96 274
5 315
0 307
0 236
0 280
57 242
0 343
308 338
3 323
218 275
0 273
0 43
67 82
104 188
223 239
370 387
14 28
169 332
234 239
348 399
57 108
13 65
13 199
119 176
199 212
65 203
122 156
122 284
280 323
134 334
144 226
13 59
0 143
119 318
103 323
236 318
187 302
274 323
113 261
170 304
67 196
80 204
102 263
50 146
259 264
97 182
0 125
151 312
21 272
19 293
25 224
212 344
200 324
211 331
134 199
128 248
197 329
118 283
0 313
56 331
122 281
103 285
98 304
40 258
120 247
142 186
95 319
246 340
56 59
38 178
0 81
366 374
0 45
127 251
107 363
63 261
62 141
104 123
0 338
67 304
196 346
119 271
309 320
75 274
0 308
108 197
69 236
285 313
109 303
38 322
23 155
67 345
45 200
0 189
0 251
142 323
348 378
291 315
163 173
