400
137 337
21 159
122 284
223 342
99 143
171 189
169 257
141 258
378 394
105 277
96 274
99 225
113 169
100 217
199 203
133 280
8 91
25 79
25 277
199 288
127 320
359 361
0 46
154 219
0 190
14 115
0 334
88 236
239 323
26 72
50 277
148 261
127 281
223 261
348 377
116 326
275 328
214 333
98 272
94 180
21 184
0 317
236 252
0 222
213 272
218 275
2 115
149 312
94 315
172 308
123 342
132 317
0 21
185 271
105 315
26 280
360 373
25 271
62 223
0 172
130 329
56 325
115 220
5 87
122 252
123 142
109 325
214 343
368 395
261 318
348 374
3 9
130 257
25 231
366 376
0 49
66 67
62 122
9 161
122 297
122 161
252 291
20 312
68 227
3 67
85 176
106 332
376 388
186 239
0 230
21 123
29 231
96 190
1 88
194 242
158 317
0 345
373 391
0 126
72 141
39 141
354 361
239 338
109 122
23 175
234 239
148 271
0 185
30 73
0 200
376 378
72 212
0 96
181 306
67 285
119 329
53 88
368 374
0 60
84 313
113 165
10 291
21 345
272 320
13 148
98 285
161 271
141 236
3 142
142 322
0 209
271 304
72 232
280 332
370 374
0 193
0 38
100 163
92 299
45 122
67 156
26 276
122 176
285 315
223 315
111 279
54 119
9 341
98 265
72 252
211 238
40 277
201 259
348 398
21 284
302 346
199 313
23 240
130 300
119 280
285 345
168 291
48 119
40 224
68 177
46 143
56 222
258 323
44 312
170 185
56 82
239 276
113 200
92 302
213 332
161 258
143 321
4 306
113 252
60 322
68 143
0 105
13 342
0 95
0 76
373 387
127 197
0 88
88 242
348 378
142 186
203 285
118 238
65 261
141 323
0 108
150 163
144 343
136 156
56 342
56 331
0 290
232 322
198 351
168 347
204 329
354 359
55 170
122 239
158 322
150 329
200 332
0 89
204 266
109 142
260 339
224 261
213 224
0 14
0 69
134 142
252 325
109 303
0 45
45 186
0 9
53 248
0 83
26 170
137 167
0 274
322 341
185 315
62 199
0 4
0 145
67 134
119 217
9 119
319 327
0 31
22 277
142 203
156 258
134 199
99 131
80 249
354 376
121 236
394 398
277 285
190 229
0 207
203 308
113 122
25 122
257 280
85 188
185 188
53 254
26 142
19 89
21 197
117 285
122 274
2 116
130 213
0 173
136 304
25 148
9 322
257 344
6 95
166 173
245 259
104 109
0 120
0 189
0 227
133 188
53 242
373 376
284 329
123 200
141 239
25 280
175 225
239 325
0 305
252 265
144 226
80 315
198 399
21 235
257 322
143 175
148 229
188 341
9 285
84 265
72 298
254 330
80 173
0 175
239 313
0 252
39 119
28 41
208 291
0 78
98 104
109 229
50 109
169 332
188 290
69 236
199 291
86 175
16 29
56 213
172 252
62 318
94 330
374 378
0 167
56 172
40 133
48 199
172 329
22 324
0 342
62 67
122 315
203 332
308 329
221 285
150 171
266 346
277 339
0 294
146 317
65 203
2 326
55 261
238 261
168 339
3 25
373 392
82 170
0 18
115 214
0 225
348 364
21 56
109 332
129 347
62 276
159 172
0 319
0 39
25 176
167 310
0 226
120 247
56 315
136 339
65 314
35 143
0 56
213 231
13 67
30 331
38 248
122 188
78 181
170 313
352 368
59 271
132 242
142 297
141 276
213 345
200 271
25 297
13 223
94 266
348 395
30 271
0 128
41 343
5 213
98 315
56 59
26 313
141 291
195 328
392 394
142 277
224 271
0 211
0 79
213 242
104 123
143 177
355 382
354 397
198 364
40 142
169 271
180 194
39 165
98 203
180 346
113 158
122 169
113 142
27 54
53 94
19 227
161 252
98 148
142 161
23 237
25 236
104 303
159 281
23 83
40 72
134 252
79 119
211 261
85 156
161 213
370 378
239 303
130 322
67 170
67 104
159 184
113 148
67 325
56 88
170 323
200 274
109 252
109 239
67 280
224 332
136 322
354 396
0 251
120 136
348 355
277 280
103 252
53 346
77 332
124 170
24 242
0 123
275 306
104 277
184 284
248 265
242 299
30 303
0 131
23 227
67 213
242 249
26 67
197 329
172 239
19 175
357 389
203 271
9 342
127 309
297 322
304 334
249 299
178 186
23 245
21 248
137 312
265 271
204 213
34 348
0 51
9 188
104 128
175 227
119 339
119 170
172 211
136 315
73 299
19 41
1 315
73 126
