4039
3750 3971
2839 2880
2120 2160
107 1623
2332 2653
2863 3204
2833 3212
2813 3393
538 1179
2063 2489
1938 2109
1230 1608
1472 1876
1037 1904
3113 3204
1485 1846
387 561
643 670
55 186
2102 2183
3587 3791
578 583
3459 3529
0 270
925 1267
107 1194
2976 3291
1237 1358
2149 2588
1161 1846
2042 2642
2113 2614
1440 1817
2018 2538
3051 3198
3046 3188
483 1679
2716 2793
2136 2229
1184 1211
2293 2332
1984 2526
2064 2309
3490 3863
14 28
1496 1529
2539 2560
2172 2200
2095 2220
752 784
2148 2609
1115 1120
1112 1800
3697 3858
422 455
1066 1893
0 332
1483 1669
1260 1338
1931 1995
1180 1600
1684 3122
943 1244
3707 3891
2184 2261
1117 1717
1393 1702
475 514
1101 1652
1590 1886
2054 2465
2056 2323
3725 3871
1409 1483
3521 3827
1350 1894
402 515
1287 1823
1017 1653
1832 1886
3980 4026
2664 3022
107 1057
3527 3545
2300 2576
1104 1227
967 1365
1605 1800
2706 3004
2910 3117
1929 2103
3437 3515
107 1335
2223 2501
3196 3365
2074 2276
1604 1793
1107 1132
1643 1768
1940 2294
3000 3158
968 1630
1919 2660
2156 2231
2124 2408
2352 2556
1269 1467
1630 1770
2112 2244
1370 1619
2210 2543
2694 3324
1039 1107
1697 1909
1255 1559
2190 2433
2164 2630
2507 2573
2123 2266
1101 1107
1920 2279
936 1512
2042 2081
2719 2778
2172 2553
934 1761
1962 2553
3930 3938
2428 2543
3478 3766
2858 3248
1028 1613
897 1769
2419 2589
2720 3291
766 780
1269 1291
2691 2792
2777 3232
486 509
2299 2507
2191 2292
2279 2396
1051 1188
3635 3702
438 500
2053 2491
2143 2377
2719 2869
3822 3896
917 1699
1920 2285
107 1417
1114 1692
2074 2573
619 630
1366 1807
2267 2510
1029 1580
1156 1470
3654 3804
2206 2460
2174 2471
1420 1571
1459 1647
1953 2188
690 773
1113 1427
2142 2307
2698 2800
921 1377
531 570
1946 2118
3101 3198
938 1424
3246 3275
1117 1622
754 821
2147 2311
107 900
1965 2557
107 1407
3981 4009
232 271
2428 2593
1509 1833
939 1064
1072 1189
1971 2108
1074 1409
1221 1783
896 1417
1023 1674
760 814
902 1628
3005 3287
2750 2969
2792 3037
1980 2012
3378 3396
792 805
1366 1525
580 1606
2823 3434
3191 3258
2937 3422
588 685
1598 1849
2331 2507
1085 1098
1912 2617
2289 2419
1004 1101
2154 2363
2053 2125
2757 3090
3743 3912
3000 3400
2960 3000
2132 2479
995 1419
1375 1827
1984 2520
2026 2133
1668 1734
376 652
2415 2432
2352 2363
3525 3841
947 1471
2002 2151
1986 2549
2109 2140
2738 3293
1916 2642
3076 3298
3584 3818
1390 1819
3480 3545
2210 2333
3261 3274
1185 1198
726 760
3016 3208
2212 2542
3998 4009
1925 2551
913 1738
2749 3129
1684 3231
2098 2271
3038 3075
2266 2369
2915 3084
1032 1102
3667 3842
3581 3613
2103 2602
2467 2469
947 1491
3452 3488
1985 2512
980 1622
705 844
274 323
807 856
2101 2367
1999 2171
2023 2129
1932 2333
2043 2623
520 544
2142 2336
2553 2556
713 782
1637 1730
34 414
915 1790
2379 2635
412 473
944 1260
1902 1911
1983 2046
1272 1685
1665 1833
2279 2292
1565 1660
2086 2201
2086 2331
3156 3264
98 122
3495 3851
1051 1630
1075 1128
1621 1750
496 517
3219 3385
1048 1209
1783 1871
232 239
2201 2630
2229 2623
1367 1683
397 543
455 565
1231 1583
2874 3433
175 277
348 489
1598 1619
2122 2477
941 1257
897 927
2796 3419
3049 3434
2176 2372
952 1584
2176 2555
368 517
1390 1621
2520 2638
1684 2813
2283 2338
348 404
1940 2133
1991 2159
1942 2142
1917 2290
484 567
56 297
25 170
1243 1861
1075 1659
2043 2646
3446 3814
107 1731
2111 2537
2087 2420
1078 1457
0 37
1718 1909
1712 1839
2347 2418
2370 2430
2830 2992
2028 2512
2750 2988
1728 1875
1261 1382
2139 2363
2155 2273
1101 1741
688 805
2429 2594
946 960
455 497
2891 3026
159 320
1621 1782
3296 3302
651 905
1668 1888
2264 2547
2081 2390
3209 3299
3801 3885
67 344
1277 1820
107 1870
1261 1638
3708 3957
1425 1545
2359 2619
583 658
2750 2912
1925 2625
1516 1826
3014 3387
3212 3355
1531 1743
2385 2445
2155 2608
2748 2991
2671 3091
0 149
26 223
1985 2266
1485 1782
1049 1250
3501 3796
3465 3708
1995 2640
136 2640
16 331
1519 1620
686 755
2210 2560
2753 3355
2278 2551
96 133
1997 2352
1312 1420
2294 2510
2114 2361
9 122
2078 2121
2368 2461
2220 2593
1399 1584
2327 2438
917 1057
1684 2784
2600 2646
3158 3363
2040 2543
1316 1871
1447 1622
3617 3738
1729 1732
2052 2279
2875 3182
290 342
2143 2250
1804 1839
2007 2294
2483 2527
1284 1647
901 1371
1355 1686
2040 2229
2394 2491
2063 2326
2098 2464
107 1259
483 1475
2992 3145
2939 3330
2986 3149
1028 1149
188 341
2138 2537
2038 2473
2071 2134
1267 1752
3040 3195
2359 2418
2992 3017
2118 2300
1522 1707
1146 1888
1998 2157
1352 1911
428 513
2098 2290
1076 1643
1618 1877
2734 3340
1352 1590
1443 1531
606 1876
3038 3204
995 1330
3518 3730
2278 2485
1912 2307
2229 2602
980 1793
1330 1388
2339 2363
2004 2620
2381 2551
1331 1547
2992 3051
1951 2640
2199 2343
2246 2389
1964 2362
2275 2409
2369 2554
378 483
2242 2399
364 501
414 633
2183 2533
2685 2724
975 1426
1060 1479
1943 2073
1089 1667
1257 1872
3092 3237
2783 3395
1169 1529
2068 2151
2347 2598
2715 3208
2852 2940
2302 2336
1067 1432
2859 3140
1107 1809
2200 2392
1361 1637
2482 2638
2976 3182
475 482
2408 2539
1990 2173
2761 3303
1357 1574
2084 2427
2143 2588
2046 2615
1912 1968
1030 1237
107 1590
2374 2560
246 285
1290 1753
997 1620
1332 1870
898 917
1944 2525
2254 2616
3209 3320
3046 3058
2500 2607
2275 2326
1185 1730
2526 2560
2943 3054
483 1778
2905 2910
2153 2333
966 1668
2420 2465
3638 3932
67 323
1231 1655
2778 2853
1420 1888
1108 1828
2754 2969
1175 1617
1588 1847
2350 2615
2928 2940
1917 2142
107 1328
698 713
1404 1583
1943 2331
932 953
2007 2180
3786 3947
3320 3406
2000 2645
2209 2325
3469 3510
1993 2549
2771 2954
1167 1472
2464 2484
82 252
2747 2865
2360 2488
2064 2460
1971 2410
1547 1736
2988 3232
2220 2611
1044 1158
3487 3551
1102 1309
1643 1757
3355 3391
1126 1768
3669 3830
2058 2478
959 1598
3154 3371
1238 1483
3437 3608
948 1625
2091 2197
920 1182
3132 3288
3980 4027
1718 1947
2252 2282
1146 1886
2253 2654
26 236
428 570
1230 1289
1059 1793
1110 1819
1123 1765
2092 2590
1684 3304
1198 1538
2127 2567
2877 3078
2188 2218
1153 1584
3469 3554
2117 2592
2161 2522
1085 1537
3422 3434
733 786
1017 1149
2712 3150
1963 2063
2172 2386
2184 2449
9 277
2755 3417
2426 2553
1144 1511
1293 1800
2201 2590
2664 2673
2090 2492
916 1335
3486 3593
3179 3182
3224 3386
1184 1420
2714 2979
3169 3297
1986 2104
1059 1754
3609 3750
917 1081
1367 1813
900 919
2188 2575
1946 2356
3831 3971
947 1668
1078 1898
2247 2368
1192 1871
2199 2347
2147 2383
641 1179
2408 2593
2047 2319
1225 1633
1459 1636
2359 2549
1810 1816
1149 1724
3719 3770
1979 2112
1307 1360
4002 4020
1922 2412
1960 1964
2206 2655
3132 3185
3441 3949
2991 3330
2163 2502
1971 2606
1917 2374
1426 1786
108 281
2745 3430
3129 3324
1125 1516
1642 1908
2122 2261
1132 1330
3452 3658
2836 3421
1916 1945
1189 1259
3677 3930
1114 1677
538 1080
1939 2399
2202 2225
1925 2507
3027 3292
3437 3855
3081 3266
1942 2266
1182 1584
777 780
2951 3020
2473 2594
686 841
2728 3279
2138 2305
2353 2550
2055 2300
941 1857
2128 2132
3604 3737
1348 1815
2686 3189
2698 2729
1570 1637
1684 3103
1947 2471
2107 2411
3718 3900
3048 3431
3111 3150
483 1397
3025 3231
917 1515
3154 3370
1278 1771
1013 1385
1166 1306
2761 3315
1207 1390
3980 4022
3437 3866
2386 2625
2148 2283
2200 2623
1102 1812
1931 2022
2777 2786
2712 2716
1375 1810
2395 2602
2332 2572
1941 2489
1380 1800
1927 2585
934 1048
2098 2359
3471 3526
2686 3404
360 417
1643 1835
1932 2533
1730 1867
606 1314
1001 1427
990 1450
1912 2455
2141 2242
3825 3893
1333 1452
1998 2018
2347 2370
538 566
2092 2423
1327 1563
2750 2763
2200 2353
702 725
2022 2640
2663 3229
3672 3845
2870 3359
577 675
1021 1893
1984 2467
1932 2511
367 475
1998 2538
2688 3205
1948 2117
1199 1584
1580 1605
2127 2398
1242 1431
1966 2220
3558 3909
1349 1878
810 814
412 591
2847 2965
249 266
2661 2937
2717 2755
2078 2308
3697 3971
3005 3136
1682 1893
2275 2433
1049 1393
1511 1676
1125 1271
3077 3420
107 1851
2030 2492
1491 1735
2073 2573
107 1114
1064 1342
2007 2384
2121 2290
1962 2619
0 241
1955 2180
1086 1714
948 1526
2249 2268
2304 2396
1068 1571
1507 1847
736 818
2778 2904
2056 2064
2287 2495
2149 2169
1078 1377
2244 2553
3509 3896
2136 2576
919 1373
1972 2143
1986 2575
2409 2573
2951 3412
304 334
1684 2996
2062 2081
348 444
3464 3469
1118 1747
614 676
2730 2871
107 1459
1357 1897
1107 1833
170 185
9 224
1998 2225
1047 1902
1551 1604
493 507
971 1591
3279 3395
1080 1565
1271 1707
1962 2462
2532 2615
3829 3972
1953 2059
9 105
2397 2644
3229 3300
2347 2607
925 1774
1107 1605
3718 3758
2122 2590
2157 2225
2045 2404
3458 3493
2218 2504
456 473
2883 3385
2139 2184
2858 3327
689 732
927 1290
920 1484
1920 2007
2352 2428
186 222
1647 1715
1261 1495
2669 3065
3550 3573
3100 3233
1278 1800
925 1004
1017 1211
2340 2532
1536 1709
946 1717
2939 2973
2334 2573
2676 3174
2054 2087
265 342
2780 3265
2113 2217
1471 1612
1960 2618
2271 2624
2054 2592
2361 2402
2244 2546
1684 3310
1809 1833
1553 1791
2420 2567
3466 3937
1431 1535
2133 2267
615 681
1918 1962
355 418
2229 2429
1917 2369
1003 1712
1559 1861
3605 3687
1609 1842
2073 2237
1329 1823
896 1716
3396 3434
1752 1800
2815 2866
2796 3434
2390 2501
2348 2654
1083 1757
1833 1886
2047 2279
2093 2418
3718 3822
1432 1635
1185 1735
2180 2327
2372 2567
1783 1893
3089 3212
1085 3501
2131 2188
2367 2598
2352 2460
3234 3286
2786 3293
1051 1355
3715 3815
902 1298
1358 1844
107 1558
1069 1285
1730 1864
1966 2190
1312 1827
1980 2378
1344 1375
2058 2093
3378 3397
1231 1576
2085 2211
3692 3830
2037 2060
1684 3273
934 1902
3169 3330
1402 1900
2188 2324
2043 2506
2184 2306
2133 2153
1617 1668
9 272
105 280
3101 3140
916 1718
1086 1547
1017 1185
1912 2400
2507 2615
1439 1589
1021 1350
2863 3101
2148 2264
1330 1811
3596 3966
946 1250
934 1721
2150 2560
2695 2706
2340 2484
1918 2376
1983 2083
1957 2659
1130 1826
1948 2327
1972 2297
971 1032
421 558
1048 1584
2827 3108
1250 1619
483 1210
2390 2603
958 1118
2332 2438
1971 2098
2734 3287
1994 2282
1078 1361
2233 2300
2083 2593
2020 2600
982 1821
21 184
2973 3038
2059 2060
1972 1991
2707 3019
2675 3087
688 739
1006 1789
952 1431
573 685
3863 3894
1985 2253
1388 1605
1993 2386
118 238
0 324
1388 1835
921 1643
1003 1721
1559 1584
1219 1665
3757 3836
925 1637
1989 2005
2386 2590
2070 2570
1340 1620
3232 3301
2825 3365
1124 1520
1387 1549
0 219
1661 1783
978 1662
2684 2775
1934 2523
2143 2239
2046 2150
2354 2468
2543 2625
1916 2010
2757 3184
437 499
1984 2646
2384 2533
971 1871
2112 2404
3247 3347
705 807
1170 1820
2757 3387
1173 1674
1938 2142
2244 2631
3204 3302
1173 1390
2556 2630
952 1714
2276 2414
1250 1335
2104 2410
2007 2211
1943 2121
2575 2646
2232 2537
2276 2601
2902 2930
2302 2377
3025 3036
588 618
2850 3228
2026 2588
592 630
3254 3409
2136 2477
3256 3418
2121 2586
1539 1791
1491 1559
2174 2242
1912 2288
1390 1557
3525 3734
3276 3340
1086 1598
3145 3378
421 455
2061 2647
2863 3206
402 520
1115 1680
1482 1869
107 1317
1376 1741
3129 3348
1943 2646
1604 1863
465 537
3502 3864
1132 1772
1940 2233
2117 2610
227 296
2100 2450
3168 3176
1163 1370
1943 2575
2053 2609
172 329
1107 1547
2795 3020
1926 2226
2086 2190
1966 2573
1064 1497
2237 2546
896 1636
3065 3284
2815 3096
2392 2428
2410 2539
3610 3927
2674 3416
2180 2384
964 1005
2839 3363
3256 3338
1684 2745
73 299
2335 2503
2970 3265
3629 3867
2447 2660
2133 2653
1172 1547
1284 1655
2482 2536
1973 2620
1926 2537
3210 3313
475 507
1238 1256
967 1774
3664 3918
14 115
3588 3862
2276 2573
1195 1431
2069 2638
1078 1653
2266 2593
1159 1444
627 665
999 1416
3514 3926
917 1894
1520 1669
2216 2229
3095 3139
2033 2140
1220 1537
1298 1635
2284 2627
1334 1685
2040 2172
2567 2617
1912 2146
2124 2299
1926 2183
3082 3409
3214 3419
1948 2273
1273 1850
3090 3430
1188 1275
1126 1329
2112 2485
3568 3906
942 1108
2261 2625
360 461
2306 2504
1049 1620
2742 3252
414 659
3252 3316
687 718
1205 1329
1280 1813
2150 2408
2694 2786
3505 3773
909 1111
619 684
1272 1888
1981 2451
497 515
2213 2404
1341 1789
1953 2104
1465 2629
1003 1563
1986 2410
2661 3416
231 332
0 69
395 553
1277 1448
1185 1520
2133 2440
2526 2593
2992 3329
423 567
1129 1720
2216 2240
2399 2466
695 830
2319 2347
1366 1630
1267 1589
3110 3302
1437 1736
3376 3401
1098 1165
2869 3340
1361 1674
451 513
1577 2498
378 591
107 1404
705 772
1449 1782
2809 3388
3772 3779
26 313
1943 2329
3344 3434
1644 1795
2235 2390
1222 1861
3869 3924
3703 3831
1377 1730
1912 2178
2950 3185
1377 1621
1329 1685
2189 2542
3586 3756
2741 2988
119 280
2009 2459
2095 2552
1983 2240
2309 2524
101 242
2459 2645
1998 2571
1125 1886
1029 1160
2073 2429
1374 1574
1126 1898
1158 1729
1509 1590
3040 3108
3784 3896
942 1638
2092 2409
3437 3915
2098 2184
3599 3850
591 645
513 524
2166 2335
1338 1496
2308 2462
2734 3186
2863 3265
1943 2606
2762 3248
1577 2336
978 1509
1532 1700
1985 1986
2974 3417
1953 2172
3509 3900
1175 1620
3506 3509
1984 2244
14 41
108 251
3980 4002
1051 1876
1971 2575
2345 2394
2742 3330
2363 2428
3104 3130
3633 3828
697 805
1984 2184
2228 2540
2724 3359
2354 2460
1125 1390
414 586
2823 2894
1330 1390
1302 1471
1589 1879
896 1261
1993 2045
2716 3198
2865 3369
2131 2520
2806 2891
3032 3259
3438 3734
1420 1485
1153 1589
1940 1994
1175 1547
3018 3103
1128 1341
1589 1845
1376 1791
2064 2575
2694 3226
2793 3136
2196 2338
1648 1895
2916 2960
2038 2180
2069 2526
3355 3406
2109 2340
1341 1730
2253 2324
2292 2582
1261 1820
391 502
2324 2381
1211 1603
2887 3052
3456 3824
2578 2601
2967 3426
1964 2282
3099 3242
2680 3054
2559 2590
1912 2215
2428 2607
2241 2445
953 1722
2520 2655
107 1900
1663 1811
2278 2611
705 726
1746 1891
2226 2379
2464 2556
766 826
2969 3301
2083 2331
2809 3317
2434 2512
972 1359
3097 3302
1684 3258
1172 1559
2560 2638
2033 2410
1019 1475
107 1375
2334 2478
2007 2232
2283 2616
2108 2324
1926 1945
1195 1741
2056 2067
930 1763
2858 2921
3002 3397
946 1242
2780 3212
2123 2499
1447 1535
1014 1227
3082 3396
1076 1175
1107 1563
2026 2054
2141 2211
1493 1601
1182 1639
3047 3090
2139 2348
3089 3287
1938 2462
1491 1761
2837 3025
1299 1310
387 402
2233 2418
2755 2913
3455 3735
1456 1605
2131 2606
2131 2619
2151 2347
2180 2264
2996 3117
2199 2274
2919 2997
1159 1783
1684 2832
2343 2463
2039 2054
517 537
3191 3434
1185 1707
3198 3353
3714 3869
1925 2578
2782 2920
1120 1192
701 834
2236 2341
2794 3119
1489 1502
2950 3357
1835 1891
2684 3172
2071 2319
606 1738
2273 2649
2035 2129
3696 3783
1040 1868
1163 1746
2233 2551
1115 1192
784 794
3172 3258
107 1029
2143 2224
2062 2434
2075 2434
2115 2460
2257 2542
925 1302
1032 1582
1841 1862
779 823
1612 1849
439 477
1048 1365
1941 2592
953 1620
2068 2345
3670 3687
2217 2448
2266 2339
0 27
370 507
2054 2609
2480 2518
3505 3936
1729 1899
67 185
1943 2550
56 334
2109 2601
1420 1513
2057 2530
1504 1725
417 444
1912 2161
2777 2906
389 1037
2956 2986
1979 2253
1471 1735
2133 2185
1431 1839
1918 2154
2925 3399
774 824
640 670
3463 3705
107 906
3830 3860
3437 3501
3442 3740
1437 1721
1377 1765
2586 2601
3115 3280
366 1844
2032 2419
2810 2974
2033 2261
2911 3064
1495 1515
805 814
3054 3064
0 190
1110 1724
3577 3780
348 379
3495 3872
2753 2989
1943 2201
1132 1730
2312 2384
3498 3713
2803 3214
1225 1355
107 943
2873 2929
3505 3553
2689 2743
1620 1663
3596 3780
947 1823
2115 2329
3491 3797
3211 3346
1076 1799
1465 2198
2827 3033
2129 2231
3291 3335
2687 3320
1917 2532
2363 2520
1596 1691
524 527
2319 2512
599 640
1180 1663
1918 2484
1214 1609
2088 2104
3019 3154
1222 1675
1737 1800
1351 1845
573 597
2561 2611
414 583
2054 2594
3072 3155
1330 1520
779 824
1128 1730
1122 1677
9 276
634 647
1312 1736
3547 3747
2098 2376
1345 1595
3609 3797
1184 1598
812 824
2006 2159
3561 3604
597 603
2253 2359
107 1704
3148 3327
1920 2283
1912 2181
2438 2501
3593 3601
2261 2575
3986 4033
2149 2203
2347 2550
484 1694
1932 2196
2132 2336
2086 2216
2111 2617
3810 3896
2283 2642
966 999
1067 1462
3124 3215
1211 1623
898 1066
1688 1864
3056 3286
3026 3047
1107 1211
2237 2543
2894 3258
107 1064
2916 3129
3219 3369
1423 1872
1280 1793
2768 3313
1129 1347
1564 1585
2859 2868
598 609
1230 1730
2319 2653
3491 3971
2076 2650
980 1721
483 1324
3818 3866
2853 2869
2042 2052
2461 2475
1049 1523
1949 2173
1962 2078
3506 3758
1984 2563
2474 2628
2103 2140
1242 1524
2240 2446
1265 1323
2551 2564
2340 2607
1307 1555
930 1425
2297 2538
2003 2161
1028 1516
2201 2290
1912 2221
1185 1269
2176 2425
2084 2352
394 538
1979 2404
0 117
2184 2334
2719 3039
1018 1820
2150 2575
1431 1864
2199 2609
637 1374
1116 1329
0 224
1003 1612
2183 2461
2268 2543
2786 3417
805 834
2127 2134
1185 1652
1628 1859
921 995
1288 1542
1970 2151
2074 2381
1992 2426
3058 3212
2111 2509
1948 2302
2131 2414
2039 2071
2845 3263
1290 1329
1768 1902
2302 2533
591 669
949 1529
989 1104
2139 2410
366 517
2806 2927
1734 1902
14 326
2924 2945
3026 3363
2791 3136
2965 3274
3471 3938
3460 3630
3010 3390
2689 2815
3174 3348
2381 2574
597 680
2872 3098
3823 3956
2844 2904
2410 2631
2133 2608
2133 2463
2056 2630
2125 2232
1166 1258
1259 1904
1559 1723
3140 3397
2742 3194
3299 3406
2800 3213
2575 2600
2482 2504
1983 1986
1940 2461
934 1888
1380 1746
2757 3220
2446 2601
1003 1352
1715 1884
3725 3819
1300 1673
2872 2906
2458 2491
3046 3212
2190 2631
1164 1352
1941 2370
1979 2188
1185 1255
2270 2525
1159 1536
355 402
2058 2331
1981 2280
1010 1275
2038 2458
367 547
1947 2344
1309 1661
1099 1316
107 1294
1358 1490
1823 1827
2495 2542
991 1177
1207 1359
2142 2507
2174 2608
376 523
1944 2038
1024 1086
1809 1886
1153 1238
3081 3196
1237 1616
1079 1365
1421 1615
2601 2654
518 551
2028 2333
2500 2574
372 410
2332 2399
3722 3835
1025 1332
828 848
2705 2896
2037 2290
2026 2498
2317 2411
2467 2601
2103 2543
1431 1804
2607 2619
2110 2222
3458 3951
713 736
55 104
1367 1752
1149 1752
3005 3172
1516 1819
3104 3243
2142 2512
1074 1399
2872 3090
2142 2551
3188 3320
1205 1675
2419 2518
2753 3378
2862 3026
3581 3649
804 849
107 1319
2854 3025
41 310
1127 1759
492 495
1993 2654
1493 1837
2075 2327
1663 1833
122 344
1402 1823
2030 2521
485 518
1979 2356
1049 1054
3672 3707
1939 2396
2095 2139
2875 3111
1221 1583
2680 3348
1519 1861
2347 2511
1396 1732
968 1172
2237 2551
1246 1635
1984 2619
1620 1665
1522 1669
3616 3799
1117 1488
952 1467
913 1453
1963 2462
1482 1525
1943 2083
2233 2348
2356 2578
2130 2448
1371 1733
2750 2905
2679 2927
2201 2308
2698 3400
2765 3021
1211 1621
2154 2179
578 600
1983 2625
1199 1539
3602 3630
1912 2200
2054 2616
573 605
2770 2849
2786 2969
2339 2579
2991 3434
915 948
1955 2068
1367 1610
701 713
3166 3232
107 1547
8 201
2133 2144
561 604
2823 3182
1525 1783
686 687
497 513
3043 3110
1107 1288
1684 3243
2271 2308
2468 2553
582 627
3738 3915
969 1786
391 446
1989 2040
3114 3362
997 1029
1072 1847
2292 2468
2304 2608
2786 2866
2190 2600
553 561
922 1305
1572 1827
3629 3907
2167 2281
925 1524
142 308
1329 1864
973 1272
2176 2475
2862 3174
2235 2332
2133 2319
1327 1800
1175 1377
387 465
2047 2242
29 211
2839 3025
3464 3474
2268 2398
1086 1610
109 331
2724 3332
2507 2560
1076 1813
957 1148
107 1492
2542 2579
2754 2800
2423 2532
107 1331
3501 3968
2334 2560
1971 2427
2849 3299
1939 2081
2073 2550
3586 3604
2118 2347
1912 2390
1001 1114
954 1281
2112 2446
1010 1709
1945 2292
2212 2615
2283 2511
2040 2253
1028 1614
2356 2381
1250 1380
1993 2604
2040 2404
416 567
2384 2508
3456 3501
2785 3345
2018 2657
968 1429
2279 2283
1923 2211
3790 3860
712 789
2290 2340
2178 2316
967 1485
3260 3287
921 1390
1339 1833
2328 2531
1948 2319
697 820
1948 2010
1024 1285
1986 2526
2309 2370
1467 1757
2289 2533
1912 1995
2602 2655
1010 1366
2510 2547
2076 2444
1448 1475
1916 2149
1331 1861
1126 1886
40 315
1017 1669
1155 1679
966 1335
180 249
3534 3617
1331 1598
1959 2396
2543 2619
2853 3247
2709 3138
1941 2468
1469 1889
2574 2615
1500 1634
2063 2184
1388 1598
1199 1886
2844 3395
1684 3241
2213 2654
2037 2482
3684 3756
1684 3277
1919 2659
731 827
1390 1522
1049 1623
2738 2877
2949 2999
2058 2121
388 503
354 557
1181 1184
1491 1622
1684 3413
3460 3786
2559 2575
2074 2188
2000 2171
2037 2216
747 831
2323 2348
1447 1685
1173 1665
1549 1801
2233 2423
1661 1893
1985 2507
946 1112
2133 2199
1195 1329
1180 1483
1323 1617
2434 2461
1983 2244
2563 2615
30 303
1747 1784
2347 2597
1953 2370
2261 2553
1235 1611
3360 3431
966 1707
2073 2093
2418 2646
3437 3792
3710 3921
1966 2601
421 487
2059 2334
2488 2523
2278 2526
21 127
517 520
2326 2464
1195 1730
713 827
3280 3397
2775 3168
3441 3538
1449 1480
1447 1842
3533 3948
1329 1774
2279 2589
1004 1128
0 4
1966 2607
1219 1839
2046 2410
1229 1578
1081 1729
3572 3714
1995 2636
3449 3788
1684 3281
2925 3054
2928 3417
53 332
2039 2315
1613 1669
2037 2347
2143 2510
1137 1733
1265 1609
1516 1669
2172 2574
1 280
1149 1305
1377 1590
2086 2492
2133 2149
1919 2633
2243 2328
2261 2630
2332 2643
2542 2631
897 1329
2064 2506
1598 1832
1665 1845
1912 2595
995 1377
2154 2468
1132 1832
2680 3056
1390 1608
2067 2387
3562 3639
1949 2146
1211 1863
1918 2213
366 431
494 503
2694 3384
712 768
1041 1482
1663 1823
725 732
2676 2755
2062 2096
2841 3208
1079 1721
1528 1688
2897 3232
1611 1872
2687 2742
38 339
1971 2306
1931 1935
436 652
1584 1600
2741 2927
2862 2912
946 1849
1827 1843
2084 2546
1761 1818
1390 1757
2708 3332
211 265
3821 3931
2664 2698
1982 2512
2128 2267
3145 3385
696 853
2729 3364
2243 2438
3847 3953
1256 1516
1918 2056
2810 2928
2199 2361
2039 2385
1456 1488
2190 2556
3145 3347
1320 1425
2430 2553
1613 1796
934 1621
1004 1584
1256 1483
2347 2631
122 272
1652 1819
952 1341
417 567
172 342
2150 2350
2103 2449
1645 1744
2339 2369
3521 3597
2201 2554
414 641
953 997
1188 1228
2224 2250
1212 1671
2866 3324
2876 3272
2022 2284
3224 3239
1352 1439
772 781
2319 2475
1962 2485
2071 2643
1916 2273
2026 2125
2294 2328
3775 3895
2224 2398
2779 3420
3085 3193
2480 2637
1985 2340
2180 2199
2409 2579
2196 2384
3664 3933
2710 2851
2359 2430
1963 2646
2223 2649
419 505
1947 2396
2059 2409
3120 3321
1338 1373
1250 1768
977 1072
3350 3381
2925 2986
3154 3252
3080 3269
1684 2702
2165 2499
1662 1689
2074 2347
517 553
1391 1522
1390 1663
2618 2628
1611 1647
1170 1786
2275 2625
3437 3635
2688 2903
3040 3362
3101 3366
2218 2492
2072 2594
2780 3352
2257 2359
3437 3822
1322 1680
418 510
3721 3860
1205 1707
1923 2272
1465 2547
67 345
2077 2500
2088 2363
1912 2116
389 509
2047 2436
952 1621
1979 2407
1447 1542
596 917
2101 2461
1309 1841
3100 3366
1288 1717
2969 3078
2002 2143
3022 3400
1912 2373
3495 3824
2282 2394
2574 2625
107 1643
1985 2323
1935 2004
1577 2519
1124 1305
1765 1810
1020 1286
523 561
1721 1750
407 563
322 339
3549 3905
917 992
3706 3924
2940 3078
1173 1535
2053 2292
1617 1637
3119 3238
1912 2019
2445 2463
1437 1864
1622 1653
1717 1721
3500 3508
1559 1730
2428 2549
1104 1347
465 483
2174 2285
2125 2289
1993 2423
3559 3944
1267 1302
2223 2243
1945 2194
2756 3084
1075 1520
2090 2579
58 1684
3677 3847
3609 3692
1029 1675
747 856
23 144
2608 2629
2164 2579
1075 1522
1014 1100
2154 2386
3356 3366
3090 3238
2381 2526
2286 2361
609 619
1130 1480
1269 1735
1449 1714
2664 2920
2013 2459
1265 1377
113 132
2901 2932
2174 2589
1912 2004
2231 2236
1968 2024
573 598
2064 2136
1997 2244
1024 1456
1184 1619
2164 2601
2226 2498
1617 1663
2020 2638
2393 2499
2090 2331
2696 2735
418 514
1025 1189
3064 3226
3140 3360
2812 3041
2032 2509
971 1706
2673 2912
1920 2294
2109 2409
2032 2268
1986 2615
1975 2193
1122 1313
1761 1867
1459 1783
2728 3285
26 134
2680 3193
1929 1985
637 896
1754 1819
2145 2146
1983 2139
2502 2519
2060 2069
1946 2077
2319 2419
1335 1483
1086 1835
1552 1674
1783 1848
2810 2887
2188 2556
2138 2653
2223 2653
422 504
3528 3687
1388 1768
1250 1617
3734 3929
1509 1735
118 277
352 494
2977 3104
2786 3213
1291 1437
107 1074
2032 2417
2749 2905
2932 3219
1962 2539
419 540
1431 1730
1970 2384
107 1039
2794 2821
2507 2600
3466 3956
2347 2590
1222 1289
1416 1750
1467 1734
420 484
2352 2520
2676 2754
2140 2573
1232 1648
2335 2403
2208 2384
21 212
3437 3963
2573 2601
1707 1752
1075 1290
2020 2352
2247 2582
2237 2549
2793 3434
1962 2213
2369 2574
942 1871
2473 2543
3437 3588
1951 2658
158 168
1857 1872
2040 2607
637 1300
3314 3382
1184 1390
1980 2143
1146 1554
2033 2276
2973 3391
1974 2505
2929 3220
1399 1665
1155 1673
3482 3521
526 1367
3358 3385
2921 3034
1939 2282
10 142
1752 1799
917 1102
995 1517
1598 1668
2133 2589
1718 2543
438 556
3483 3617
2773 3104
2059 2381
1221 1479
107 1428
1367 1800
2693 2999
1041 1831
713 738
3458 3719
3377 3378
1101 1827
2303 2339
1707 1864
348 505
1185 1662
1153 1376
1336 1380
1004 1652
1377 1528
1058 1642
2275 2504
999 1653
2007 2135
2662 3415
2084 2276
1057 1607
122 161
3169 3391
2715 2936
2910 3348
1267 1886
1035 1745
1547 1849
2040 2233
3456 3831
107 517
1962 2115
2118 2253
932 980
1243 1888
1322 1636
1302 1791
374 669
2165 2300
1135 1312
1509 1795
2309 2607
1945 2302
1078 1735
2894 2973
3604 3721
1330 1861
1938 2484
1371 1601
2664 2966
1112 1737
2445 2653
2068 2161
1172 1833
2334 2374
1983 2329
1059 1746
2977 3238
1912 2112
1691 1862
3437 3464
2240 2607
2003 2075
1603 1610
1207 1488
1217 1738
2030 2619
1335 1390
997 1388
1086 1302
2867 2897
1255 1551
637 1189
2764 3361
2169 2434
3692 3797
348 397
136 2337
1192 1459
1485 1769
1080 1237
2484 2607
2720 3198
1086 1377
1515 1595
2128 2544
1184 1542
2266 2359
2374 2386
2052 2616
1943 2059
2169 2592
483 1349
1608 1888
2151 2522
3518 3804
428 456
1392 1426
1505 3386
2354 2550
2551 2654
2201 2271
2473 2566
2197 2659
439 566
1251 1555
2149 2293
389 1469
25 285
0 198
1491 1653
2934 3385
1426 1859
1616 1671
3980 4007
2098 2201
2188 2615
1059 1757
1993 2611
3285 3420
1520 1559
2000 2636
1298 1459
3649 3830
641 1844
2338 2629
1993 2520
1184 1877
2077 2331
941 942
2179 2539
107 1609
2547 2555
2311 2326
1047 1509
1622 1823
3450 3838
688 772
2370 2646
1238 1391
2306 2624
1446 1645
363 1320
1124 1191
1684 2761
1765 1782
3240 3247
1028 1700
3018 3337
2052 2102
927 947
3489 3676
577 595
1339 1737
1159 1569
1986 2131
2683 3237
2274 2652
959 1201
2516 2543
2087 2344
3076 3201
1431 1791
1048 1746
975 1322
1101 1761
1912 1954
1396 1812
1146 1643
966 1083
2327 2343
2356 2500
3797 3938
94 187
1371 1467
3867 3907
926 1409
3496 3520
2108 2550
1075 1222
1528 1782
2689 3324
937 1749
2976 3287
1517 1827
458 553
2627 2640
2071 2465
3437 3787
389 1473
2127 2594
726 773
1305 1614
553 620
2730 3187
2237 2593
1574 1645
1086 1367
1997 2430
389 1385
1114 1179
2777 3078
1059 1185
1265 1513
1327 1561
2112 2323
2890 3364
2188 2326
2326 2499
2551 2607
2497 2534
1014 1373
2482 2655
1024 1898
2542 2543
2782 2986
1735 1757
2011 2097
2289 2291
3011 3398
2279 2372
1367 1823
463 542
2791 3116
2958 3076
2907 2974
1509 1589
2128 2646
1929 2504
1198 1570
1542 1619
2989 3041
3714 3803
1597 1827
1399 1712
1622 1851
1298 1462
1962 2374
2199 2283
2745 3324
2218 2409
1419 1437
2059 2575
457 469
2139 2500
1515 1899
484 1740
1596 1903
2447 2658
3534 3564
2222 2568
2276 2410
1238 1898
1734 1741
3437 3899
0 85
2369 2376
1080 1318
830 856
1153 1736
2042 2191
1472 1650
3024 3397
3116 3396
2992 3102
1516 1610
1210 1212
830 853
2877 2908
2161 2603
431 482
1175 1269
1557 1734
2253 2521
1484 1888
2993 3047
1938 2112
1035 1221
2216 2253
354 355
1912 2163
2477 2500
695 760
1074 1793
1616 1677
1298 1475
107 1461
2669 3387
1110 1407
2840 3017
2266 2462
3586 3889
1327 1352
2137 2398
1305 1730
392 404
1019 1036
1067 1231
2126 2577
2374 2655
2072 2327
2151 2598
1066 1871
1067 1587
3139 3426
1983 2430
419 492
2069 2591
1303 1824
932 1722
2090 2576
2753 3344
1945 2087
2659 2660
1994 2135
1540 1867
929 1505
1985 2560
1465 2347
226 312
13 118
2663 2738
2220 2586
2915 3364
2314 2503
3440 3938
2560 2593
2921 3263
925 1209
1427 1893
2345 2635
2210 2561
2149 2194
946 1532
3291 3397
1548 1648
3980 4036
1367 1530
973 1561
26 297
3019 3076
1097 1747
1340 1810
1912 2567
2223 2417
2414 2559
2161 2194
248 323
575 617
2253 2546
2125 2351
2103 2233
2414 2520
2681 2763
1964 2162
1923 2498
1389 1761
107 913
1286 1583
1485 1559
1175 1662
2890 3026
542 580
1345 1350
2826 3361
391 438
1128 1835
1946 2045
1075 1827
906 1059
2091 2371
946 1782
999 1532
1927 1928
810 828
2268 2642
430 432
3332 3350
1236 1472
1939 2280
376 524
2306 2340
3501 3797
2220 2601
1916 2221
982 1153
2308 2655
718 834
2093 2485
3475 3485
1359 1768
1128 1391
3488 3730
2743 3119
272 285
1185 1791
1335 1707
997 1180
122 224
1359 1796
1997 2275
896 1550
779 780
1431 1483
1472 1569
1198 1431
2865 2979
2060 2520
2170 2207
2833 3201
2115 2552
3226 3417
2877 3339
2077 2220
1985 2308
1976 2459
3035 3150
2179 2359
2909 2960
1685 1771
2386 2495
475 1332
2782 3142
2210 2266
3116 3391
2549 2611
2795 3353
2729 2794
3633 3889
1994 2571
1369 1509
3223 3244
1424 1889
515 525
2207 2349
2694 3426
1839 1909
3465 3774
2140 2376
370 397
830 844
2 312
2769 3300
1619 1886
2311 2460
1917 2074
1643 1653
3545 3576
2010 2224
1230 1736
2033 2103
1282 1732
2683 3435
547 555
2080 2313
2365 2378
767 796
1943 2290
1159 1630
1947 2174
2037 2095
2755 3348
1930 2035
2039 2153
1078 1291
952 993
2042 2385
2698 2786
1215 1503
946 1302
1117 1791
2266 2576
2206 2326
1378 1892
946 1184
1352 1750
1099 1245
1007 1070
2313 2621
2489 2539
960 1256
1153 1832
2060 2115
483 1790
2109 2164
981 1227
1024 1584
2247 2643
1427 1435
1730 1768
2150 2206
398 484
1388 1868
1985 2329
1995 2157
2188 2354
952 1617
2118 2404
1467 1621
2216 2492
2229 2391
2083 2467
2676 2944
3280 3344
1953 2395
2206 2625
973 1150
1078 1849
2259 2345
136 2653
1315 1903
1019 1067
1938 2165
1334 1551
1044 1459
2368 2582
223 252
1963 2064
1420 1753
1475 1691
1668 1789
3586 3938
2507 2542
3152 3335
2888 3300
2083 2261
2104 2521
2670 3309
3187 3264
2674 3097
3499 3947
1003 1741
2292 2581
1684 3269
1173 1388
1684 2960
1080 1790
1919 1951
107 1764
1480 1721
1966 2575
1288 1816
2546 2575
1998 2004
2242 2512
2058 2646
3267 3280
2464 2560
3480 3684
2946 3304
2489 2646
2920 2940
3070 3252
946 1238
1126 1902
3636 3740
3982 4014
993 1287
1504 1536
2863 3247
731 774
1943 2430
107 1373
1358 1763
2153 2325
1943 2578
2313 2456
2065 2384
2338 2377
1352 1782
400 412
1235 1322
1292 1899
3740 3865
3185 3347
402 506
2030 2520
2500 2504
3550 3950
953 1456
1953 2507
1768 1833
790 832
1217 1630
40 265
2511 2512
439 475
1963 2308
957 1475
456 553
1573 1636
1912 2387
2332 2592
2941 3361
1465 1948
2064 2630
2052 2282
2074 2460
1160 1809
3439 3932
2928 2943
2240 2521
2273 2518
900 1494
2148 2338
4001 4029
1382 1894
1173 1214
3790 3838
2154 2329
1577 2283
1024 1163
3019 3186
2698 2956
397 483
460 507
1921 2659
107 973
1340 1623
2188 2353
2088 2165
2131 2278
1962 2060
1377 1746
3548 3737
466 481
407 504
976 1677
2843 3402
2001 2660
64 150
2071 2174
2465 2609
2743 3293
997 1480
2661 2894
2071 2429
2353 2607
2110 2415
1499 1552
2793 3038
2836 3190
1358 1616
2077 2136
1146 1255
2031 2133
3035 3115
428 542
1108 1406
3746 3846
2410 2495
3442 3636
3022 3090
2060 2500
2894 3017
1075 1110
2103 2339
3491 3712
3100 3168
107 1554
2758 3412
107 990
2500 2624
1014 1102
2154 2165
1281 1871
3187 3249
2419 2588
2103 2476
542 561
2741 2956
3545 3902
2118 2410
1163 1584
224 232
1076 1516
2724 2779
2276 2469
3521 3672
2407 2593
1275 1624
2104 2638
2063 2381
1684 3191
3509 3803
3779 3938
2056 2184
369 407
1605 1809
709 754
2133 2328
1796 1800
2553 2619
2426 2622
420 1311
698 708
348 543
2508 2649
2471 2608
80 320
2241 2283
2103 2122
2150 2154
2969 3364
2399 2475
2081 2174
2381 2386
2010 2649
2027 2337
1983 2055
1217 1364
982 1125
2850 3293
1010 1051
3203 3342
3150 3169
1530 1597
107 1275
738 794
2018 2459
2154 2467
3523 3830
2201 2240
1682 1903
1597 1688
3464 3510
1482 1624
2598 2642
3758 3761
2020 2347
1330 1331
1955 2509
3476 3519
2911 3202
1944 2540
1524 1888
966 1219
2543 2561
2045 2560
1282 1871
3330 3345
1059 1867
1205 1864
1210 1671
1718 2649
1971 2611
3567 3628
3909 3976
2098 2543
705 805
1086 1125
2464 2549
3851 3968
1256 1864
2247 2413
1940 2292
1985 2124
1606 1844
1960 2120
1683 1833
2053 2592
2991 3101
1238 1255
784 834
1359 1663
3437 3867
2148 2196
0 261
2010 2102
1146 1238
277 334
2160 2412
2500 2561
1993 2526
2025 2626
444 570
2095 2188
2802 2863
3804 3930
194 242
1011 1037
395 402
3542 3852
492 542
934 1456
2765 3082
3233 3412
934 1597
2115 2507
2172 2561
2844 3087
1976 2022
3474 3554
2482 2507
625 630
2212 2309
1577 2111
1984 2123
2688 3146
1992 2401
2932 3136
3687 3790
1048 1431
3541 3868
3002 3420
2212 2244
3599 3753
1684 2815
1375 1717
422 579
1947 2390
161 203
3473 3857
2586 2619
1962 2433
2327 2509
224 236
2261 2543
2758 3236
2109 2579
2793 3351
879 894
2729 3362
3512 3533
764 807
436 478
641 1235
2052 2224
1107 1643
2408 2485
2778 2991
1048 1449
1413 1728
1291 1608
1929 2150
2068 2196
370 402
2131 2624
936 1673
3148 3242
1116 1845
2719 3106
1471 1605
2504 2578
952 1184
2836 3221
3520 3971
2005 2348
1078 1757
2982 3382
3152 3351
1465 2264
566 567
2128 2246
2063 2370
3474 3634
3187 3408
2499 2607
132 334
1028 1617
1104 1583
2032 2347
993 1584
3057 3164
2484 2549
2404 2409
1064 1343
1718 2589
1563 1799
3437 3463
925 1717
3013 3212
2018 2116
1752 1796
1450 1534
2458 2518
3584 3904
1750 1789
3116 3267
2244 2347
1683 1752
1001 1844
107 1305
1684 2998
1128 1575
431 500
3206 3291
1191 1491
1522 1613
3078 3284
2447 2620
1479 1720
1132 1302
2220 2423
2719 3076
2433 2542
3167 3256
2043 2579
1125 1501
2661 2716
2770 2939
2991 3378
2526 2556
1153 1845
2331 2601
592 682
1280 1674
2843 2865
1931 2627
2675 2730
993 1867
2163 2543
2880 3348
98 199
1056 1722
2095 2611
2867 2944
2228 2644
1939 2283
1688 1867
1580 1888
2348 2549
3604 3869
2223 2516
897 1620
1985 2484
2415 2501
3342 3403
1341 1734
1962 2118
1431 1752
980 1128
1080 1902
1917 2324
1370 1542
107 1034
1983 2309
1684 3180
2005 2063
2084 2407
596 653
1009 1044
2030 2638
2083 2095
2271 2467
2866 3390
2047 2398
1505 2760
517 1320
2324 2646
1509 1622
2673 2763
641 1231
1006 1288
2038 2302
1684 3336
2929 3000
3024 3225
80 346
1962 2468
1569 1783
3129 3426
2032 2289
107 1698
2627 2647
2827 2910
1277 1303
705 731
484 1778
1312 1513
2741 2993
2174 2445
1765 1819
2802 3267
3677 3948
947 1765
1267 1793
1603 1750
1170 1495
1926 2471
2288 2391
1335 1902
2905 3384
3506 3706
2703 3423
2003 2333
1952 2416
1561 1911
942 1828
2240 2526
3034 3365
960 1125
108 127
953 995
107 1342
997 1535
1086 1117
1405 3019
2026 2153
2228 2260
980 1209
373 651
1941 2184
2149 2196
2294 2325
373 428
2832 3214
2381 2602
2398 2490
3124 3173
3025 3080
1714 1796
1912 2065
2352 2354
3017 3328
199 211
1377 1604
1799 1833
1789 1804
107 1159
2954 3327
2006 2014
2117 2191
936 1114
1598 1736
277 294
1289 1643
3486 3826
1956 2481
1231 1550
2579 2631
2193 2656
1621 1675
1912 2059
2713 3391
2937 3201
2069 2084
2072 2511
107 1062
1302 1761
2463 2491
2695 3213
3076 3101
1684 2968
1513 1639
2033 2593
1953 2381
2951 3150
953 1902
1613 1639
408 465
1345 1635
4007 4025
1598 1663
1004 1688
704 799
506 604
3437 3794
1322 1423
1978 2474
731 745
917 1277
1954 2151
1261 1872
1426 1903
1589 1612
2896 3085
2741 2896
712 714
2830 3168
1863 1911
1665 1689
475 1767
1800 1835
3463 3947
621 663
1003 1598
107 1577
1048 1522
392 506
1089 1672
107 1032
2833 3182
3731 3785
2753 3051
3578 3596
1689 1864
1962 2410
2081 2461
1523 1746
954 1396
2430 2507
1827 1864
2741 3238
3038 3197
420 514
2140 2309
966 1898
2097 2225
1467 1800
2951 3366
688 815
2266 2430
1267 1341
2112 2504
1990 2534
1707 1791
1914 2636
1204 1841
2043 2495
1525 1745
456 479
1718 2042
1559 1561
1112 1888
1213 1855
1979 2122
819 838
144 343
1117 1522
1366 1435
2833 3188
2074 2154
1995 2647
997 1520
363 388
2879 2889
1450 3245
3090 3339
1126 1201
1272 1723
2199 2438
917 1876
2974 3339
107 1067
1656 1702
1986 2340
1567 1615
2359 2546
2266 2563
2176 2209
1047 1800
993 1243
3064 3348
1684 2964
1003 1367
1067 1347
2674 3150
2140 2428
3599 3713
2689 3096
1124 1205
2783 3087
1307 1494
2866 3056
977 1748
2176 2292
997 1330
2324 2530
238 342
2867 2916
1465 2542
1684 3337
3002 3249
3014 3364
2316 2402
2018 2297
1632 1789
2110 2537
2037 2387
997 1267
618 685
3160 3397
2812 2818
1934 1936
1916 2003
1049 1864
1435 1444
2072 2183
3029 3433
1009 1324
1250 1271
1929 2553
906 1242
199 313
3437 3815
2139 2326
1945 2394
1049 1230
45 345
313 342
2287 2604
2825 3431
1935 1980
1199 1269
2730 2958
2141 2637
236 257
1481 1633
1692 1724
3026 3226
3038 3209
1180 1222
249 330
26 291
1125 1398
2958 3350
947 1867
2290 2414
2760 3432
2064 2495
1063 1900
348 418
164 285
107 1639
404 542
2063 2220
369 563
1487 1813
2336 2653
62 122
2777 3417
1259 1469
1344 1835
2338 2649
897 1449
2770 3102
1523 1632
3765 3830
1934 2388
764 779
1085 3684
2292 2512
1465 2148
2045 2553
2700 3373
3873 3886
1058 1470
2081 2468
632 640
1427 1661
2127 2597
768 786
2753 3140
1984 2574
2872 2909
596 1233
2210 2323
2290 2369
2772 3313
2155 2498
2084 2354
2069 2240
1918 2309
369 551
1006 1800
107 1581
2149 2384
412 580
107 1097
3791 3960
1938 2033
492 580
1379 1872
1985 2021
1439 1613
2976 3272
2395 2556
3437 3955
2893 3159
1003 1779
919 1102
1637 1761
1616 1881
1707 1717
2768 3034
780 803
2238 2455
2672 3350
2813 3214
2140 2423
400 637
3255 3256
1010 1159
3456 3968
2131 2237
2268 2447
2229 2414
3906 3924
952 1076
960 1613
1578 1628
1227 1502
2116 2642
1405 3295
2229 2430
1250 1714
1292 1887
921 1584
59 203
3743 3874
971 1783
1600 1609
1941 2007
376 496
925 1653
2676 3387
1029 1669
1613 1707
1485 1612
2755 2928
2727 3024
1516 1623
1983 2495
2289 2445
1323 1621
3093 3171
2981 3137
1522 1833
2131 2287
1463 1833
1267 1520
1036 1583
1449 1668
2045 2347
525 561
2282 2304
2363 2624
2743 3433
1238 1662
3584 3690
1258 1536
2172 2504
3677 3697
1528 1754
2299 2339
1929 2324
653 677
3050 3171
2540 2642
2409 2551
654 678
896 1873
3659 3979
2928 3364
1480 1712
1226 1778
414 431
107 1682
1494 1803
2124 2370
1684 2785
980 1584
1516 1757
1702 1911
1725 1785
1427 1773
708 819
2833 3396
2089 2397
1451 1729
2064 2521
3296 3344
1275 1828
2324 2339
2132 2292
2187 2194
3735 3867
2037 2591
1150 1909
424 435
3437 3613
2550 2551
2118 2140
1107 1460
1918 2532
2694 3085
1520 1804
2053 2328
2839 2908
3998 4018
2323 2352
2781 3101
3762 3930
1491 1608
2218 2615
3000 3025
2755 2911
100 323
391 561
2881 3199
2748 3106
385 483
2877 3348
483 1844
355 555
2084 2469
1406 1732
117 231
574 584
413 461
1029 1483
2085 2265
2213 2521
1502 1704
1116 1608
966 1823
3185 3351
896 1018
2257 2504
1953 2218
1010 1703
483 553
1642 2999
1912 2363
2033 2090
2090 2370
2102 2511
1509 1609
1917 2084
1742 1907
2132 2594
2427 2499
3137 3387
1172 1888
2698 3234
436 513
3542 3604
1028 1833
694 830
2464 2601
3490 3549
2377 2419
2972 3314
980 1845
1341 1735
408 431
1026 1669
348 512
3106 3224
1211 1331
41 44
2953 3119
1721 1827
107 1378
2428 2575
2871 3330
3471 3672
1335 1369
3299 3345
994 1630
2932 3189
1015 1884
1684 3365
1684 3272
1662 1800
2088 2546
3526 3563
1926 1955
3287 3406
2139 2607
2306 2564
2887 2915
1805 1813
3831 3938
1017 1491
483 1155
2044 2611
760 824
3027 3403
3046 3299
439 444
622 623
3554 3972
953 1589
428 1237
2240 2638
3111 3395
2679 3078
1955 2026
204 213
1530 1735
1718 1948
432 571
3824 3831
2787 2901
3504 3626
927 1669
1429 1844
1243 1329
60 291
2231 2628
2850 3348
1391 1843
1685 1730
2694 2919
1076 1746
1912 2256
428 601
1024 1199
1983 2118
705 763
1985 2063
2537 2652
2957 3254
1912 2145
946 1753
1032 1649
896 1215
2111 2254
2343 2582
3535 3866
2144 2510
2414 2552
2718 3255
2302 2372
1491 1613
2172 2354
2261 2611
1487 1536
1129 1350
107 1142
2142 2303
2847 2859
1139 1709
2839 3052
107 1107
2216 2638
475 1844
2030 2084
2081 2137
3123 3430
2111 2642
1420 1772
1330 1361
2229 2393
2591 2619
1926 2232
348 536
2104 2212
3758 3937
163 249
969 1751
2243 2396
2413 2459
1047 1835
2309 2482
3509 3826
2718 3350
930 1318
2090 2646
2201 2339
2142 2300
2033 2532
378 482
2702 3236
2069 2201
1970 2327
3233 3240
3262 3332
2419 2557
2200 2220
408 512
2336 2385
2448 2562
1102 1273
1211 1491
3042 3428
2751 3335
1223 1320
2045 2521
1285 1888
1420 1491
142 236
2045 2586
2161 2555
348 492
1138 1266
1049 1086
1036 1381
1970 2537
916 1589
2073 2308
1250 1352
3316 3391
896 1841
978 1439
2344 2419
1912 1938
2940 3363
2327 2617
1325 1708
1126 1539
957 1628
413 535
3177 3241
1182 1669
2781 3327
2022 2447
243 310
1019 1221
997 1712
1257 1573
720 745
2231 2405
1979 2369
2446 2579
2742 2894
1718 2598
3582 3752
3608 3921
857 871
1917 2212
2698 2890
925 1811
2399 2509
951 1656
2047 2313
2986 3417
2117 2242
2719 2991
3481 3562
1361 1399
460 559
2946 2996
408 560
0 67
2702 2871
2679 2960
3002 3359
136 2292
1496 1569
641 1320
3475 3852
417 553
3261 3397
1923 2310
2043 2188
1983 2573
0 36
898 1732
1989 2590
1983 2563
1819 1833
2676 3085
2064 2615
1185 1431
1331 1768
446 517
2172 2410
26 271
1983 2386
2077 2601
1993 2140
925 1813
2297 2364
107 1240
3587 3783
1300 1313
2904 3116
3116 3188
1059 1736
1603 1717
2662 2728
3641 3920
2955 3397
2754 3166
2742 3035
3449 3962
1750 1800
513 563
922 1312
1409 1598
2696 2751
2555 2589
1545 1679
719 764
389 397
947 1516
3390 3394
3541 3628
2266 2376
1565 1625
3587 3964
2999 3128
3473 3739
1480 1757
2024 2378
1946 2619
2815 2910
2905 3108
493 514
2551 2586
2086 2309
2348 2602
2675 2904
414 667
1932 2199
957 1413
2111 2221
1092 1390
2408 2578
1089 1783
3327 3389
2757 3000
1587 1786
2184 2615
1305 1714
1611 1899
1456 1608
107 1190
725 771
3013 3352
1360 1678
2765 3267
1554 1753
1966 2478
2300 2590
1684 3419
1481 1749
1737 1746
1021 1578
2810 2927
26 304
2961 3294
3836 3964
1962 2606
334 339
1426 1680
418 497
1135 1800
2738 2743
2363 2646
2485 2539
628 632
1163 1712
451 556
1730 1813
566 1313
618 684
3437 3717
1986 2606
1272 1613
366 412
1600 1659
3344 3391
2293 2555
1736 1864
1227 1309
1932 2246
2906 3022
2098 2300
1470 1791
958 1216
3073 3232
2176 2582
1470 1868
2733 2958
2445 2649
2132 2390
1290 1377
2138 2232
2086 2500
1684 3387
2032 2327
1250 1608
1436 1794
2543 2629
2676 2717
1199 1439
897 1409
2748 3070
1522 1608
2676 3149
1947 2432
1487 1646
2831 3050
3240 3397
2553 2630
1488 1789
2123 2381
2268 2491
2253 2311
2787 3302
2149 2509
2343 2498
1912 2217
2191 2347
1141 1355
1124 1589
2244 2257
1983 2266
1590 1608
2155 2289
2720 3320
1540 1819
1467 1768
3439 3513
1684 2725
2886 3322
1917 2275
3098 3149
921 1391
3667 3886
3080 3400
2052 2246
924 1412
1945 2473
3068 3154
606 1001
514 541
1465 2111
402 493
2143 2544
2850 2924
2016 2022
2001 2027
1125 1352
1684 3334
906 1003
1912 2311
2250 2347
2308 2542
546 555
1668 1752
1984 2299
3476 3957
1557 1886
1156 1291
2068 2592
2330 2384
3060 3209
2983 3128
2910 3284
2356 2631
363 1606
2179 2218
2921 3221
2091 2146
1946 1985
2056 2615
1124 1485
903 1648
2038 2111
2423 2464
2951 3103
1185 1810
1483 1879
3514 3604
1477 1666
1028 1730
0 248
3593 3631
2309 2542
2299 2492
3739 3743
1548 1837
2283 2438
2800 3073
1084 1620
2136 2184
397 418
1221 1635
3573 3966
529 531
475 489
1344 1827
1179 1882
1735 1753
1126 1712
615 665
1076 1835
1912 2037
2404 2638
369 424
2020 2551
2743 3363
370 523
2396 2491
2064 2404
1348 1770
2229 2564
122 252
2035 2107
1997 2654
2290 2573
2836 2898
3120 3154
25 272
1484 1610
2550 2593
709 840
3070 3101
403 547
2289 2425
2742 3345
3608 3728
703 764
2325 2362
322 329
1491 1730
1954 2347
2078 2469
2222 2226
2951 3224
2002 2509
924 1051
1973 2337
2716 2992
56 88
2142 2593
2451 2508
1420 1746
1339 1800
1575 1807
1517 1580
1273 1729
3764 3793
1283 1554
2663 2851
2060 2188
2464 2546
2233 2489
2679 3104
2095 2200
917 1742
2951 3203
2988 3400
1173 1584
926 946
2354 2507
1 315
1926 2608
1530 1809
2273 2598
3980 4032
2559 2586
3490 3771
1256 1621
1075 1376
492 560
1918 2043
2244 2554
905 1408
1467 1746
1173 1460
1101 1480
734 847
1663 1898
1070 1536
2319 2394
376 405
2686 3002
1739 1904
3245 3278
2095 2326
1781 1807
1132 1175
1277 1298
1495 1661
1348 1709
2112 2386
1496 1847
2750 2916
2237 2559
1051 1727
1029 1730
2128 2143
2047 2293
2202 2585
3593 3758
951 1327
2002 2247
2199 2384
1623 1737
1632 1818
2053 2479
3117 3274
348 388
2343 2475
1718 2268
1146 1653
1437 1780
107 1805
1271 1665
366 394
367 455
3298 3306
1932 2372
1199 1393
2141 2270
1986 2210
53 92
1291 1714
2273 2519
1211 1447
2370 2429
1021 1120
862 3609
3524 3602
981 1067
2077 2593
3501 3824
2180 2254
409 561
1079 1643
1344 1352
2485 2624
514 566
2369 2392
999 1078
2314 2335
2055 2115
1912 2244
1971 1985
1043 1111
2684 2797
2719 3291
1960 2440
709 835
2233 2604
1288 1547
2951 3007
1107 1746
1354 1672
1195 1608
1399 1597
3339 3426
921 1146
1956 2487
2982 3314
1589 1608
89 319
2069 2172
1367 1380
2203 2241
2332 2608
1621 1753
1945 2246
1962 2212
516 554
2510 2589
85 322
1452 1895
1621 1668
3437 3644
2047 2310
2744 3256
1684 2878
1985 2278
2240 2542
1457 1839
3101 3381
969 1742
3437 3807
3086 3356
1184 1793
1668 1782
2088 2290
2235 2265
1674 1860
1591 1873
1951 2378
1274 1445
2259 2401
1912 2640
472 567
3302 3351
2688 3302
431 497
2376 2532
2884 3044
637 1060
428 524
1431 1675
600 659
1684 2970
1671 1743
2918 2932
2845 3403
1079 1737
1571 1663
1173 1730
1912 2282
2664 3226
2216 2429
3737 3824
3106 3391
2216 2500
1122 1237
1063 1768
2147 2300
2149 2582
2071 2148
2121 2500
2717 3226
2365 2639
2679 3339
107 903
1136 1144
1942 2206
1052 1770
2247 2336
2768 3072
2354 2615
3679 3963
1787 1837
2140 2266
1502 1742
1589 1721
705 829
1971 2507
2087 2133
2086 2290
1622 1632
2201 2551
1230 1911
483 1751
2369 2542
2002 2149
3838 3852
2120 2313
2215 2592
2686 3196
2468 2600
1049 1754
1047 1730
2426 2526
3609 3830
1912 2650
3247 3355
2133 2176
2220 2229
353 366
144 326
107 1178
1921 2636
1375 1557
414 515
3079 3172
3076 3279
2117 2325
2156 2424
1425 1773
2117 2385
1943 2077
2139 2276
2891 3073
1056 1584
2075 2396
2546 2554
31 237
997 1668
1947 2101
1605 1610
1917 1984
2446 2600
2377 2396
3016 3277
2056 2084
2190 2484
2294 2544
1181 1613
248 252
1028 1603
2468 2526
1668 1793
589 617
1457 1800
395 452
1707 1888
2002 2471
1322 1841
917 1824
1577 1920
2063 2088
353 561
3468 3945
2374 2625
2088 2586
3625 3734
2283 2533
2924 3184
1997 2347
1685 1902
13 325
2081 2302
2244 2499
828 847
1938 2323
2257 2356
920 1376
2949 3128
2716 3089
1408 1878
1674 1800
2377 2511
1124 1879
1981 2304
1222 1659
2750 3226
444 500
606 905
1330 1453
718 758
1712 1800
1376 1639
1175 1467
2757 2815
271 323
2285 2511
2102 2372
1544 1822
1617 1845
1523 1768
369 442
180 204
1469 1634
1912 2227
98 104
1659 1813
419 567
592 620
2679 3220
3998 4002
2720 2937
2045 2121
2478 2550
983 1086
82 238
378 412
1590 1765
1049 1128
1423 1502
2308 2564
2030 2090
273 275
3756 3968
3201 3351
2229 2499
2103 2374
2213 2553
942 1848
2063 2615
1191 1488
2532 2549
1608 1617
378 641
2150 2615
40 132
1462 1720
1003 1750
1984 2188
3240 3434
3488 3658
2021 2407
2680 3029
1929 2154
2956 3220
107 1108
2754 3226
2063 2118
1488 1832
2875 2904
2433 2591
2054 2189
2131 2551
3680 3794
3101 3201
2806 3237
1912 2047
2300 2429
2772 3349
2862 2874
1971 2532
980 1222
1076 1539
1604 1717
1332 1844
2103 2586
2348 2615
1936 2644
1963 2237
2122 2460
982 1663
1946 2551
2097 2585
2679 3025
2909 3052
2728 3371
1918 1946
1488 1746
2966 3098
1467 1843
1681 1699
2047 2610
2047 2315
1036 1413
981 1036
1135 1730
1947 2292
291 315
1617 1746
1511 1698
19 175
2054 2283
2446 2611
1980 2116
1289 1335
2716 2742
213 272
3033 3163
3040 3174
1291 1810
2032 2247
3516 3883
2004 2027
960 1551
407 528
2663 2726
107 1117
3474 3829
2240 2369
3584 3764
1086 1768
1089 1725
2039 2199
1128 1761
2185 2246
2121 2532
946 1563
1337 1352
1912 2397
1912 2651
1782 1835
2985 3047
2200 2229
1730 1819
2778 2901
2937 3224
2154 2460
366 1155
1337 1384
2485 2542
422 474
3192 3198
2258 2477
200 203
2081 2475
3793 3976
1986 2164
2442 2499
2032 2377
3274 3367
2144 2282
1945 2567
2398 2491
2276 2630
475 1692
3437 3797
2206 2278
1530 1584
3553 3840
966 1125
2500 2611
1136 1825
2329 2507
686 798
3082 3330
475 513
2148 2649
1433 1687
641 1549
3477 3637
637 1778
2253 2532
1660 1801
916 1230
2062 2069
2800 2974
2744 2865
728 809
2129 2405
1041 1869
2047 2149
2675 3198
3038 3081
2336 2384
1153 1457
606 1070
1985 2504
2020 2073
3493 3584
1920 2127
2430 2449
1449 1769
1920 2333
1392 1899
1185 1612
2369 2552
2124 2468
1559 1813
1204 1628
1686 1794
2299 2430
107 1154
1912 2076
2134 2319
2010 2598
3577 3944
2937 3396
3464 3634
2153 2294
3693 3971
1014 1192
2909 3390
2104 2433
2259 2384
3387 3435
933 971
708 849
1185 1659
388 559
1986 2542
2103 2549
1979 2575
1419 3034
968 1062
1587 1611
98 325
2108 2278
1765 1791
354 555
1322 1502
1723 1809
3263 3403
3644 3698
2789 2851
2469 2500
2052 2169
2045 2575
2148 2328
1583 1587
1634 1876
2087 2319
2007 2555
2960 3232
2909 2916
826 828
1796 1867
1465 2054
1315 1680
995 1219
526 1358
2451 2471
2005 2482
1987 2134
107 910
374 419
2087 2224
1330 1471
2104 2500
1063 1083
2244 2552
2283 2543
1086 1810
2112 2354
2071 2328
3488 3913
1959 2071
2104 2549
127 284
3690 3946
1488 1539
2125 2582
0 174
1721 1804
3462 3926
1052 1897
2777 3195
2121 2323
309 320
1173 1331
1815 1869
2074 2190
981 1899
2478 2556
2071 2372
739 840
2395 2590
2116 2660
1153 1811
2194 2332
1092 1846
3511 3900
1515 1783
2828 2939
3552 3625
1288 1456
984 1729
728 754
2409 2600
0 347
2960 3399
1352 1662
397 563
1912 2081
1331 1746
2128 2463
3188 3411
2102 2125
1953 2115
1333 1568
181 306
3851 3943
10 291
896 989
3690 3866
2793 3252
2851 3130
2183 2458
1995 2378
1783 1894
512 545
553 669
2278 2542
1434 1585
513 641
1971 2150
107 899
2323 2469
2590 2602
1684 3131
2126 2405
3799 3848
1149 1622
1467 1639
1230 1335
1926 2087
2973 3049
2035 2049
1122 1744
3545 3604
3041 3240
2095 2142
2037 2340
2237 2414
3516 3581
400 567
3822 3969
3684 3841
933 1850
3450 3642
26 188
510 553
3437 3869
3479 3649
947 1799
3070 3150
694 705
3712 3938
1256 1791
1149 1796
2756 2773
2045 2229
2057 2199
947 1752
1181 1795
1409 1559
107 1090
1020 1032
2220 2278
3516 3523
1427 1807
2037 2575
1399 1557
986 1308
2592 2643
5 122
0 99
3437 3961
1943 2446
2060 2507
1926 2081
404 482
2370 2601
1964 2066
772 828
930 1773
1547 1714
2098 2347
1613 1800
136 2445
1039 1331
29 82
2169 2461
3593 3646
80 242
718 770
1182 1191
2354 2539
1184 1707
1132 1665
1238 1497
3060 3111
3437 3954
2047 2189
3038 3330
1983 2542
1609 1793
2323 2543
919 1732
3568 3793
2086 2638
2031 2557
2675 3136
2731 3231
2759 3286
1136 1325
1199 1821
2047 2128
1318 1549
1422 1730
1912 2566
968 1436
2015 2156
2126 2152
1596 1859
1584 1707
708 781
2819 3385
2328 2512
2757 3078
2087 2594
3136 3189
2216 2324
2601 2607
2520 2556
1912 2012
3492 3841
1348 1624
1994 2187
2420 2617
122 251
2754 3104
1488 1530
3646 3969
2741 3054
857 3586
1207 1271
1086 1146
1944 2133
1447 1902
2309 2485
82 84
1472 1847
925 1184
107 1243
2243 2267
1707 1868
1298 1423
1623 1721
2710 2978
2757 3195
1327 1836
403 553
2194 2199
2060 2324
961 1301
2729 3433
3036 3363
1449 1800
1255 1753
1446 1616
1009 1475
3437 3685
1242 1659
2309 2418
627 640
107 1068
2138 2436
107 1073
579 590
2833 3355
1083 1868
1125 1126
3980 3985
1665 1736
1610 1717
2990 3412
1199 1789
2410 2551
2877 2911
1076 1663
3078 3426
2355 2531
2150 2359
1221 1569
2485 2504
1469 1667
1691 1715
1912 2445
2467 2564
1094 1154
2738 3092
1569 1703
2062 2110
2134 2180
1948 2163
1003 1420
2866 2913
2339 2607
1217 1435
772 805
1644 1700
2312 2529
896 1100
3493 3558
1985 2279
1577 2071
1945 2458
1963 2542
719 760
1298 1426
2307 2542
1918 2233
3836 3957
2723 3009
1968 2640
3064 3096
1929 2095
2728 2730
3142 3195
934 1329
2755 2815
545 570
1391 1668
3072 3385
2007 2039
3159 3405
553 567
1330 1791
3710 3835
1912 2306
221 322
1269 1816
1998 2378
1912 1976
2755 2872
2300 2404
1101 1214
897 1029
1703 1709
1421 1494
2585 2658
1917 2363
3595 3628
107 1363
1450 1684
2165 2615
1359 1900
3362 3363
1017 1222
1643 1675
2782 2943
1003 1618
1004 1467
2050 2378
980 1659
232 276
1067 1204
3500 3776
1207 1868
2663 3231
3635 3686
2369 2464
3590 3728
1684 3069
1106 1749
1347 1682
1316 1382
921 1243
3696 3747
1153 1768
1496 1624
1563 1622
1269 1714
0 107
434 559
107 1860
55 252
1478 1910
1482 1529
2994 3084
3487 3504
1261 1742
432 569
1139 1338
999 1707
1331 1589
1306 1507
2904 3046
1562 1886
917 1738
2706 2877
1441 1564
3782 3793
1358 1463
2910 3417
2661 3272
2925 2969
1344 1554
2077 2546
1003 1662
2053 2384
3039 3111
1101 1289
78 195
2083 2201
1047 1554
2187 2461
2499 2549
1981 2199
3228 3348
2187 2491
2139 2631
483 542
2866 3022
2357 2397
2745 2866
423 586
3112 3378
381 516
2501 2617
912 1357
508 544
1984 2482
1153 1620
75 322
3455 3753
2103 2468
3300 3392
1041 1815
2669 3022
1309 1382
2409 2446
3206 3391
2615 2655
1940 2649
3878 3903
921 1761
1307 1567
1211 1768
1258 1709
3020 3368
2266 2356
1980 2027
1174 1410
3437 3593
2778 2849
2430 2604
2176 2273
1718 2547
2244 2381
517 1179
2112 2559
1721 1833
1390 1600
483 1446
995 1265
1431 1622
1269 1312
2277 2411
3785 3800
2894 3262
1227 1550
1021 1235
2081 2420
2095 2560
3759 3965
1639 1730
435 518
211 261
1985 2213
2731 2988
1292 1462
1926 2292
391 556
1823 1888
2365 2659
1718 2436
2666 2877
3261 3422
1542 1898
1595 1786
2090 2220
2184 2604
1213 1507
1941 2153
1369 1769
995 1519
3101 3351
236 315
2773 3004
1226 1469
2738 2928
26 119
641 1313
1156 1886
2124 2602
2356 2477
2053 2289
1959 2153
2849 3335
2605 2649
2326 2601
900 1825
481 539
107 1565
471 514
1139 1815
2869 3320
1645 1878
348 452
3664 3696
2937 3082
2030 2206
1684 3051
1912 2564
1912 2437
136 2327
107 1366
1010 1640
159 197
246 304
1946 2104
3633 3677
1420 1752
1535 1559
1964 1974
2180 2597
3026 3114
1945 2319
1172 1351
3438 3784
1612 1632
993 1530
1125 1652
1009 1066
1984 2046
1610 1639
1331 1879
3136 3385
1522 1827
62 341
1124 1774
1020 1751
1375 1613
172 298
3065 3174
1985 2331
2708 3076
1093 1646
3980 4016
616 625
3078 3149
484 1543
2121 2253
2846 3209
2102 2459
409 538
2428 2559
2482 2593
1483 1621
378 524
3116 3431
1255 1750
2308 2578
952 1352
1289 1668
484 559
366 503
1110 1526
1195 1352
496 566
2090 2615
400 537
1500 1633
2104 2257
107 1473
3521 3598
1520 1639
2404 2590
1612 1879
1951 1958
2330 2491
2294 2491
3821 3881
1048 1609
2124 2376
1684 2812
1256 1789
1078 1520
2669 2969
1993 2261
729 753
3440 3703
2820 3244
1523 1609
285 345
2708 3396
1613 1793
2591 2607
805 880
2347 2611
3201 3265
1230 1753
1962 2139
1718 2032
2904 3206
3107 3330
2023 2412
2462 2561
372 531
1149 1420
2757 3064
1391 1613
2954 3190
1409 1736
3730 3731
2462 2601
3179 3332
2759 3202
3146 3265
3545 3968
2832 3277
563 1013
0 183
2667 3099
1471 1909
2122 2154
1161 1911
1993 2121
2139 2507
2410 2542
3087 3136
1598 1794
3663 3921
2800 3324
1189 1482
2054 2319
2077 2201
2666 3078
3562 3695
1259 1482
1080 1766
3468 3680
2024 2659
3498 3835
2028 2582
1059 1367
2853 3344
1526 1853
515 591
2047 2193
1198 1269
1185 1339
2058 2154
2099 2283
3777 3829
982 1006
1613 1637
896 1007
2128 2153
1418 1650
3980 3993
2339 2504
360 555
1642 2941
3824 3913
3154 3253
1932 2134
483 580
1471 1879
3584 3620
2785 3089
3029 3085
1041 1338
1300 1358
2266 2336
968 1217
2348 2464
2088 2098
2915 3304
917 1899
1192 1680
2005 2495
2093 2164
2564 2655
1768 1861
2676 2985
2986 3433
2124 2309
3193 3294
2133 2610
2742 3291
896 1347
596 1019
2170 2490
2873 3047
1983 2300
1237 1692
2043 2624
3545 3651
3333 3394
2533 2597
65 118
26 280
1153 1185
1283 1520
1184 1399
1946 2404
2674 3169
2395 2460
2436 2653
2866 2873
2073 2118
2693 3310
2841 3214
1380 1610
1912 2505
1584 1595
0 300
2987 3014
483 537
3437 3927
2553 2578
3437 3835
1793 1800
2953 3362
1001 1692
1921 2639
1971 2142
1617 1799
2030 2340
414 500
1929 2408
2068 2330
3170 3347
1761 1814
3443 3752
1391 1898
1277 1751
2465 2599
2929 3119
2290 2495
686 710
2060 2272
2142 2165
967 1329
1912 2138
2267 2338
947 1613
3726 3945
2032 2598
2461 2509
1979 2005
1548 1747
2498 2616
2142 2184
2359 2433
1684 2674
792 850
3915 3972
705 760
3010 3333
1661 1848
2117 2183
3327 3369
2616 2629
606 1677
1048 1467
418 557
3469 3630
957 1347
1926 2007
3196 3264
2841 3171
1416 1663
1337 1813
3051 3434
2154 2410
2960 3426
2819 3341
2271 2619
878 889
3039 3403
2820 3001
2694 3250
1495 1824
1242 1589
580 1878
622 625
2435 2647
635 661
815 828
2840 3118
2184 2307
2142 2532
1153 1256
1018 1595
2510 2643
553 609
2775 2995
2247 2588
2059 2216
2084 2507
2738 3029
1684 2817
1339 1768
1991 2006
2179 2575
3542 3687
544 566
1523 1780
1401 1888
412 604
971 1247
1584 1818
2401 2466
2148 2398
1284 1628
376 492
3478 3696
1929 2121
947 1622
2009 2365
2556 2619
1538 1730
3633 3800
3437 3438
1330 1768
3187 3240
1753 1800
1006 1335
1201 1551
3643 3903
1975 2158
2294 2537
364 564
479 493
1132 1289
1926 2032
963 1452
2137 2608
2874 3293
1180 1793
3640 3730
1719 1847
2002 2510
2775 2951
1483 1768
449 507
373 587
1597 1653
1078 1768
2478 2601
1076 1819
2819 3307
10 323
1706 1783
2765 2770
2181 2440
1006 1826
2328 2461
1339 1416
2495 2553
0 231
99 225
896 1812
1873 1903
1320 1740
2100 2313
2115 2553
2694 2912
2154 2578
1170 1549
1528 1768
1332 1901
4017 4030
1124 1160
2266 2374
2075 2501
2592 2652
1448 1591
1912 2428
2128 2603
906 1796
2529 2610
2103 2550
2523 2566
2001 2337
1919 2004
1963 2077
978 1323
1217 1473
2800 3363
2716 3060
3722 3802
2333 2347
1970 1981
1070 1473
978 1833
2131 2563
2894 3411
982 1256
4020 4038
2121 2556
1303 1582
697 727
897 1256
0 309
2318 2406
395 428
1049 1752
3106 3201
2074 2108
394 408
2674 3035
2423 2485
2090 2093
2786 2912
1201 1483
2073 2624
2306 2308
952 1516
2991 3239
107 1727
1953 2118
1938 2623
1452 1733
107 1212
2138 2282
1132 1488
1324 1751
3488 3966
3611 3877
423 513
1684 3301
2123 2311
0 242
1564 1860
1516 1689
838 856
1639 1846
2717 3426
2778 3035
2203 2338
355 359
815 845
1163 1832
1449 1804
3115 3150
3276 3353
609 666
1330 1736
2179 2347
2864 2897
1621 1683
959 1619
2271 2423
2616 2653
1107 1610
3576 3877
185 272
3078 3098
2313 2431
194 254
1971 2433
2348 2414
1985 2579
1160 1600
2953 3084
376 547
2005 2184
1271 1399
3720 3923
1137 1493
2039 2543
1131 1258
450 497
1243 1643
2950 3411
2150 2492
1718 2617
2325 2555
2806 3004
2002 2199
1612 1717
1227 1649
359 405
637 1475
107 1204
1926 2555
2863 3102
1379 1448
2419 2471
989 1716
2912 3078
2334 2492
107 1785
1024 1619
2183 2319
1832 1888
2224 2332
1420 1765
1110 1390
2068 2458
1126 1839
1980 2636
997 1509
2970 3252
3534 3906
1014 1108
1181 1365
623 684
1402 1791
2068 2232
2906 2913
2674 3016
348 363
2139 2654
1124 1327
1948 2351
954 1373
1966 2581
1110 1522
896 1120
2278 2462
1923 2163
3593 3738
906 1652
942 1742
370 423
3170 3434
2871 3337
1356 1372
325 342
1184 1700
1390 1683
2706 2928
2056 2140
998 1722
2283 2594
2039 2463
2827 3096
2304 2555
2810 2874
1551 1609
2349 2513
2404 2601
1685 1753
1938 2059
1003 1435
3212 3360
3623 3782
1989 2356
1509 1528
1156 1449
1962 2124
2108 2354
3201 3316
2240 2631
3034 3345
2408 2521
1973 2097
2093 2121
2125 2176
2436 2616
1912 2549
993 1799
1684 3280
1059 1198
2056 2593
1926 2149
2047 2385
1302 1305
436 580
56 119
2460 2576
1339 1612
2716 3038
3106 3320
1160 1571
362 463
1078 1250
118 134
514 683
1525 1781
3629 3710
1184 1563
1006 1603
2169 2196
2148 2643
2083 2348
2777 3304
2232 2367
2038 2209
947 999
2029 2501
2138 2387
2184 2370
779 828
2045 2601
2512 2543
2166 2405
414 685
1528 1722
1128 1888
1050 1544
2743 3435
2991 3113
2112 2563
1117 1125
1917 1938
3751 3787
25 39
1123 1501
1029 1557
1130 1639
2939 3381
2150 2602
1584 1712
432 455
1332 1773
1681 1727
1913 2502
2206 2374
1928 2284
2030 2536
1475 1790
2384 2398
2073 2261
1920 2039
1094 1910
449 480
2944 3348
1479 1893
622 639
1243 1663
2871 3253
1793 1842
3601 3768
1929 2045
3601 3823
2188 2492
2026 2510
815 819
404 493
896 1893
1993 2103
2188 2539
983 1791
1473 1699
1684 2807
1752 1757
2763 3193
2054 2289
2179 2556
2212 2356
1480 1849
941 1032
1288 1431
2994 3362
3450 3545
582 595
2327 2394
771 839
2369 2611
2315 2598
2328 2594
369 509
3017 3367
3521 3735
1979 2069
1929 2615
59 250
2735 2844
1950 2014
2184 2574
3561 3927
2083 2229
1927 2337
2554 2615
2702 2859
1215 1587
2289 2617
1995 2645
2308 2467
1074 1707
2593 2630
2187 2451
2078 2108
1675 1741
997 1280
3265 3419
3205 3369
703 797
2420 2629
3601 3818
1385 1531
1971 2489
2111 2285
3768 3947
2796 2881
1509 1563
3477 3651
1237 1833
3506 3620
1971 2124
2736 2836
3753 3907
1447 1898
1179 1374
376 542
2796 3111
3638 3716
2464 2495
3068 3412
761 848
2153 2468
916 1746
3574 3611
1137 1892
2786 3384
1153 1391
978 1721
426 546
2139 2446
2212 2308
1361 1805
1156 1557
3617 3622
1274 1656
1947 2608
1160 1380
2701 3179
3674 3750
1979 2299
2738 2896
1112 1185
3369 3395
2354 2407
136 2461
107 389
1577 2199
367 519
2390 2468
3634 3761
3043 3360
2754 3232
438 495
1388 1741
932 1604
1185 1623
2033 2123
1128 1844
2916 3033
3621 3902
2007 2498
1390 1480
1340 1390
3473 3541
1100 1292
2125 2372
2132 2438
2739 3118
1766 1881
2134 2223
376 506
2742 2991
2104 2172
3759 3918
2392 2482
4019 4030
3947 3951
3826 3909
1009 1573
1923 2557
748 817
949 1415
2005 2064
1622 1689
3604 3943
3633 3656
3387 3417
1334 1730
395 483
1238 1447
2579 2590
3448 3734
3076 3291
1336 1668
1391 1813
1379 1655
917 1309
1993 2122
1250 1659
3327 3347
2844 2881
2965 3242
1953 2063
107 1827
2819 3140
308 338
2611 2619
2326 2604
2117 2588
2018 2364
964 1507
2172 2564
1951 1972
1669 1730
2894 3198
2164 2591
2069 2478
2923 3296
2180 2215
2220 2374
1951 2585
2729 2862
2200 2218
2854 3010
1984 2261
2839 3029
1983 2615
1943 2278
1159 1246
1929 2206
3064 3339
3521 3831
402 545
2111 2511
2054 2243
1768 1868
2275 2607
3867 3921
592 611
3442 3802
738 842
484 1349
576 627
988 1720
1345 1841
3790 3845
2061 2627
1175 1846
1912 2352
2702 3330
942 1245
141 224
2266 2638
1289 1399
2197 2371
2238 2361
2189 2588
745 800
2252 2304
3456 3654
2088 2550
2172 2212
1941 2125
1938 2607
2133 2330
2295 2434
1177 1218
3214 3296
2242 2540
3246 3321
952 1539
2226 2406
2672 2875
1534 3265
2150 2631
3443 3469
1613 1652
1246 1366
2177 2282
651 1574
1024 1431
2327 2333
805 830
1135 1813
3501 3545
3219 3409
3113 3115
1976 2012
1048 1816
2836 2858
2040 2586
3010 3104
1953 2184
3261 3287
686 840
3444 3861
1149 1612
2085 2152
461 544
1912 1952
2073 2646
1652 1810
1154 1543
1621 1663
901 1601
1026 1420
686 805
2030 2469
406 437
2773 2953
3507 3754
1525 1709
606 1574
2950 3189
1964 2242
482 483
2329 2624
1945 2148
1222 1377
3027 3117
2661 3049
2532 2575
1985 2592
3293 3426
374 507
1367 1886
1080 1446
1006 1804
3710 3867
1181 1714
1985 2506
1070 1429
1409 1839
1522 1886
1449 1619
2058 2395
1086 1101
104 239
1388 1793
3054 3426
3035 3391
2299 2559
2376 2655
1936 1990
2210 2229
399 564
2218 2307
1983 2122
2052 2588
1101 1833
231 280
2052 2125
2253 2430
1256 1796
1912 2482
1589 1810
1222 1238
107 1747
133 315
2386 2586
1131 1348
1985 2495
2064 2551
2755 3284
1985 2573
1199 1772
697 827
2661 3280
504 548
414 580
3090 3417
2908 2920
2220 2507
1117 1160
1231 1715
2877 2925
1072 1756
1009 1583
2381 2430
2939 3148
2294 2399
2325 2366
1214 1509
2072 2144
2356 2611
2974 3149
2121 2354
2007 2081
4 328
970 1847
376 548
2408 2655
1074 1736
1052 1428
2064 2112
2040 2131
1123 1488
1124 1156
1943 2118
2159 2640
981 1100
1941 2026
398 430
592 605
1684 3391
376 563
2853 3082
1168 1667
1653 1816
25 31
1146 1689
1355 1633
936 1677
2108 2229
29 106
1115 1277
2800 2943
1941 2601
1945 2315
366 559
1056 1861
2111 2135
2306 2561
3747 3920
1737 1750
1448 1873
600 662
1114 1512
728 824
122 203
2102 2280
2125 2327
1684 2762
592 685
1577 2355
455 546
970 1567
2200 2638
1984 2374
1047 1675
2332 2338
2241 2463
1432 1716
1457 1610
2030 2409
1390 1653
2220 2469
1791 1864
3665 3825
1165 1505
1282 1373
1917 1966
1583 1728
856 876
2250 2491
1018 1824
1148 1423
2782 3096
925 1589
2037 2074
2073 2354
2069 2150
1439 1610
1632 1888
2716 3058
1570 1620
729 888
1182 1718
1721 1902
2279 2293
2914 3276
53 302
2112 2506
2133 2180
2329 2477
1132 1271
2417 2508
1242 1867
2763 3414
2872 2920
410 463
1918 2546
2299 2506
1231 1345
39 280
1256 1835
2165 2573
2749 3426
2915 2929
2109 2542
3455 3713
2019 2234
1132 1554
1117 1329
2669 2925
3508 3685
561 651
1999 2018
3198 3422
1007 1021
2364 2538
2661 3116
1458 1782
3060 3272
1912 1943
720 730
26 66
978 1377
2057 2292
1423 1875
2118 2299
2866 2966
2243 2394
553 666
1329 1590
2761 3184
693 837
1912 2573
1983 2624
1100 1322
2292 2592
1228 1725
2093 2646
913 1377
772 814
2184 2482
2116 2538
2663 3084
2707 3062
1078 1330
896 1899
3106 3198
2196 2588
2302 2347
1185 1293
107 1821
3335 3397
357 509
373 545
1265 1768
1431 1554
2064 2118
1959 2117
1986 2275
1026 1793
3708 3836
2088 2574
369 378
2755 2866
2183 2224
1341 1542
2624 2631
3011 3196
2028 2642
2306 2352
2059 2212
3082 3297
2680 3174
1110 1557
3089 3393
601 630
1375 1795
1312 1557
2387 2449
1912 2442
2212 2500
2257 2611
2183 2368
1940 2127
2206 2564
400 525
2154 2326
2828 2970
2062 2183
400 414
2144 2445
2095 2275
953 1389
1110 1250
2810 3023
1917 2477
3661 3897
712 816
997 1024
978 1874
1081 1820
1067 1716
167 310
1250 1741
1352 1485
2748 3116
1603 1619
1391 1612
3274 3397
1376 1420
2244 2370
1979 2278
917 1507
1021 1229
2005 2131
3069 3154
578 681
3102 3146
1918 2638
1083 1714
2112 2300
2715 2831
1479 1502
2395 2542
2069 2184
3017 3261
3150 3335
194 266
431 559
2244 2539
1028 1584
3442 3907
1733 1798
969 1573
2087 2174
2071 2302
188 297
2827 3417
1122 1844
2019 2476
1352 1813
908 1518
2833 2992
807 838
3100 3320
3452 3596
516 563
2694 2757
2038 2138
1185 1267
1945 2224
2271 2532
2308 2323
3631 3711
2055 2356
1187 1567
2877 2916
2991 3416
1472 1525
1684 2999
2586 2623
2200 2253
444 506
1017 1289
1123 1271
2871 3198
2849 3277
2109 2460
2706 3000
198 441
2059 2278
1918 2607
2068 2268
2796 3199
107 1187
823 843
2118 2290
1225 1304
1962 2339
1793 1845
1004 1632
3711 3826
2694 3348
2149 2282
1086 1823
2384 2400
1153 1833
3741 3797
1367 1597
1106 1727
3051 3260
2920 3363
1621 1669
1085 1806
1800 1843
697 721
2283 2328
919 1824
959 1402
1209 1717
953 1622
3077 3241
1313 1878
1717 1723
123 142
2354 2484
1303 1764
2414 2601
2138 2589
1416 1644
2140 2165
1684 2723
2043 2586
1267 1608
1567 1806
2284 2585
2348 2586
771 789
2060 2278
2386 2551
107 1485
2323 2546
1172 1750
2749 2969
1912 2478
1120 1628
2139 2561
2121 2428
2264 2385
2717 3098
2376 2561
2869 2992
2933 2935
2069 2109
3571 3701
1516 1867
2781 3381
1912 2101
348 382
2374 2542
722 768
2877 3117
2352 2356
29 247
901 1137
2915 3243
2223 2266
2700 2848
1139 1504
1334 1608
3713 3867
1051 1472
1075 1861
2216 2615
2669 3363
1172 1352
2073 2543
3111 3118
1684 2937
1625 1695
2911 3232
1488 1816
1298 1884
1416 1707
2928 3426
2492 2532
3093 3357
1150 1476
2099 2555
2041 2456
2856 3329
2757 2777
2169 2451
2751 3353
3437 3929
1965 2361
2729 2994
1951 2192
1391 1800
2840 2976
2662 3019
1983 2308
0 162
714 771
1269 1610
67 75
2778 2828
978 1209
1912 2301
1666 3186
376 490
3674 3693
2140 2492
1663 1868
208 277
56 136
2112 2115
2948 3315
3508 3553
2871 3038
1465 2149
461 548
1984 2257
2739 3410
1665 1741
3076 3353
2108 2200
1095 1357
2863 2901
1912 2194
897 1420
1056 1280
1142 1645
2138 2491
695 780
3437 3859
641 1374
1557 1622
2216 2404
1215 1794
1124 1501
2257 2299
2669 2864
176 188
2189 2303
2116 2284
1213 1259
1165 1421
1938 2240
3870 3924
2056 2257
212 252
1370 1390
2107 2440
694 848
3555 3777
637 1720
315 322
2467 2507
1941 2602
2688 3328
2730 3253
1066 1824
1972 2006
1966 2104
2103 2407
3596 3693
1465 2508
1146 1420
689 771
3615 3776
2894 3173
1962 2564
1471 1761
2348 2638
1987 2232
993 1757
2191 2250
3437 3914
1912 2226
2108 2573
1408 1885
2436 2598
3995 4000
1056 1791
2046 2084
158 315
2590 2654
1359 1608
2131 2359
2135 2629
1620 1689
2414 2564
1358 1767
2033 2352
997 1898
1565 1801
906 1250
1185 1617
2042 2068
2809 3362
2907 2929
2610 2641
1584 1643
606 915
1104 1432
2592 2608
1966 2631
1972 2640
1302 1391
903 1452
2259 2280
363 1673
1726 2744
1104 1436
92 94
2172 2323
1968 2658
1943 2233
2989 3101
3111 3298
3224 3321
2299 2638
1574 1778
958 1468
1163 1652
2698 2877
3549 3814
2112 2464
1243 1608
277 339
107 1699
2508 2592
2139 2574
2214 2289
2093 2112
773 810
942 1786
3506 3643
2730 3346
2492 2600
2187 2344
2389 2531
2131 2300
2201 2550
988 1231
1241 1373
2055 2600
397 469
2866 2928
2428 2504
3113 3378
1962 2278
3697 3756
1932 2111
2353 2625
86 175
2199 2533
2280 2390
2210 2220
1473 1767
1604 1902
1431 1470
2804 3377
1551 1813
697 834
606 963
2372 2543
1040 1707
3002 3233
2200 2423
805 824
1559 1598
2109 2462
1109 1348
694 845
124 157
3809 3901
2024 2645
954 1273
1979 2484
2054 2117
1255 1369
0 43
2259 2417
2323 2462
1963 2278
2381 2623
2083 2573
1985 2387
1066 1382
2161 2508
1289 1613
1684 2781
2590 2646
2063 2331
417 537
475 1237
2864 3117
1577 2101
2939 3152
1149 1675
3132 3381
1243 1267
2681 3228
1370 1839
1917 2561
1491 1572
2073 2561
2047 2289
2717 2956
1313 1671
2843 3255
1377 1827
3168 3415
1020 1783
1736 1757
1101 1668
1576 1587
3578 3640
3054 3065
376 507
3902 3930
1706 1893
525 559
2681 2743
2532 2600
2201 2216
2097 2660
2669 2897
98 272
2144 2617
1752 1868
1221 1691
1190 1459
1496 1536
2263 2431
932 1302
2248 2503
2331 2561
1535 1685
2144 2543
1159 1828
3604 3902
1199 1488
3629 3850
2890 2929
2468 2615
805 842
2717 2839
1073 1806
1348 1496
1280 1609
720 803
1411 1523
2064 2423
372 539
2869 3049
933 1794
993 1172
2905 3362
1823 1886
1914 1972
1211 1826
2376 2607
2289 2330
1036 1231
133 188
2319 2594
1040 1665
2783 3028
2863 2869
2018 2024
2289 2440
2946 3211
1078 1864
107 1134
1030 1111
1524 1796
398 538
1979 2408
2121 2590
1796 1804
2713 3410
1385 1545
2939 3335
1302 1613
1987 2038
2143 2153
1799 1849
1184 1757
483 1824
971 1786
3464 3829
2669 2866
1005 1089
3299 3391
1407 1614
2338 2543
1979 1985
2957 3081
686 733
2098 2460
2253 2300
1020 1495
2111 2396
2819 3289
948 1332
2853 3035
1680 1691
2101 2338
1156 1652
1796 1902
2369 2409
2271 2526
3274 3377
3852 3886
1146 1523
2118 2324
3893 3941
1589 1886
389 1507
1619 1757
2040 2347
1067 1292
1181 1339
3138 3211
1060 1204
21 200
1570 1734
738 745
3437 3761
1211 1609
2083 2601
2716 3288
3 25
3084 3257
1668 1816
2277 2373
1393 1540
1291 1768
2103 2172
2334 2542
397 510
31 252
1962 2266
2460 2482
3265 3297
1128 1689
2093 2619
695 829
2002 2605
2244 2339
2850 2867
2365 2640
2042 2283
2084 2575
3437 3944
696 840
1827 1833
2839 3149
1363 1371
387 556
2624 2646
1970 2608
718 787
2294 2463
2250 2368
1925 2212
2331 2410
1209 1243
934 980
3531 3863
1078 1809
3726 3861
2832 3276
2973 3089
1024 1663
948 1766
3250 3363
1656 1666
1946 2347
1554 1622
983 1238
2016 2116
1029 1487
3076 3262
2090 2467
2218 2561
1142 1514
2276 2552
3086 3285
469 518
3842 3873
707 833
107 1455
3728 3921
2404 2554
1938 2554
1920 2302
2755 3117
2121 2423
3172 3434
1347 1715
592 655
1229 1611
1431 1597
2088 2131
2307 2460
3065 3226
1117 1800
2040 2213
1577 2293
1389 1470
2150 2188
3020 3275
2253 2553
1589 1610
1920 2054
1912 2431
2669 3056
2237 2590
3124 3185
2827 2969
2077 2216
1004 1617
1125 1153
960 1879
1260 1504
917 1454
2069 2370
942 1515
2172 2485
2087 2582
2276 2543
2712 3280
1020 1591
1790 1841
1293 1522
1092 1795
1205 1280
1714 1839
1192 1636
1917 2546
2284 2633
1707 1809
1303 1502
1485 1520
781 783
2340 2623
2063 2229
1160 1868
3830 3886
1211 1652
1922 2160
3321 3345
1308 1703
1147 1435
2936 3060
2754 2777
1350 1859
2004 2022
1092 1289
1064 1478
1997 2136
902 1857
348 375
3996 4028
897 1191
1912 1990
2940 3096
1966 1971
2275 2408
2507 2532
1308 1355
566 1692
2832 3050
2757 3142
1160 1255
1941 2247
3299 3321
2123 2300
3644 3850
1994 2143
1101 1329
1032 1245
1160 1849
2271 2578
2532 2586
2484 2542
2244 2526
1028 1522
2275 2369
1684 3381
98 285
1912 2574
901 903
475 523
1329 1377
3604 3860
1281 1824
122 280
2004 2626
1435 1746
2698 2988
3627 3640
1613 1791
2755 3096
1997 2414
2867 2946
119 297
3437 3630
1205 1768
2253 2449
423 428
1140 1450
981 1611
2003 2384
1199 1707
1351 1793
184 346
1684 3183
2716 2973
1135 1483
2921 3017
2395 2500
53 322
3871 3917
234 239
2363 2370
3076 3274
500 553
2039 2081
2435 2538
3076 3434
2102 2475
1539 1608
505 516
1146 1334
1577 2267
1953 2201
1280 1861
3000 3435
2118 2606
1941 2090
2200 2278
2069 2586
1993 2213
2914 3380
1931 2202
2078 2414
2090 2140
1003 1724
3540 3962
277 325
824 842
1995 2660
2161 2649
2262 2545
2279 2417
2115 2299
3567 3725
1962 2484
2107 2644
2010 2328
2045 2539
3541 3892
2020 2590
3058 3360
2131 2590
2363 2630
1995 2633
495 558
3605 3830
2786 3174
3500 3967
2951 3087
1821 1888
1613 1614
2045 2392
1416 1833
3280 3332
1761 1864
1742 1812
1736 1900
2083 2654
1086 1605
998 1330
2190 2654
3219 3340
370 431
896 1454
2215 2264
2270 2425
2190 2271
2194 2472
2067 2334
1747 1895
67 199
1665 1902
1125 1849
2778 3172
1819 1867
3355 3396
3604 3915
3513 3952
1420 1538
1049 1816
2841 3089
3540 3750
1941 2423
1924 2259
2495 2607
2719 3355
1986 2477
1075 1620
1963 2638
2730 2863
107 1570
26 298
394 400
2273 2347
1946 2098
3625 3684
1137 1371
1153 1156
2054 2151
2151 2616
916 1796
2987 2993
1079 1329
414 662
376 1179
2561 2601
1939 2377
531 546
588 592
1153 1879
1603 1768
107 1876
2289 2543
739 747
3022 3142
353 419
1003 1653
2793 3146
2153 2327
2322 2577
2072 2111
3563 3852
1612 1765
1166 1876
3108 3195
978 1626
1979 2638
1993 2095
1919 2494
3133 3233
56 67
2098 2604
2214 2453
2543 2608
2869 3396
1751 1824
1614 1846
1965 2166
2694 2827
957 1578
1919 1995
723 826
1620 1621
2551 2593
1214 1361
2338 2598
1684 3305
1043 1788
2169 2642
2953 3417
386 532
783 787
2787 3087
959 1163
1584 1590
1095 1487
3672 3737
2347 2376
2257 2553
1041 1624
2116 2337
2384 2471
400 601
1130 1868
455 557
1243 1509
2709 2795
2020 2090
952 1054
2874 2940
2511 2543
2045 2356
1917 2550
2173 2314
3494 3705
2229 2591
2347 2600
990 2760
925 1886
1684 3023
3553 3722
1257 1432
1917 1943
2302 2510
1067 1284
1925 2244
1399 1471
2134 2629
1721 1849
3675 3837
1543 1881
3214 3248
1409 1488
1163 1480
2363 2550
2279 2649
1159 1504
2250 2344
1156 1542
1391 1793
2057 2385
2352 2553
1286 1893
13 239
3463 3861
957 1438
1126 1813
1730 1826
2907 3025
3086 3177
2087 2589
2551 2559
2244 2392
2661 3277
2005 2543
1360 1593
1294 1671
1934 2341
1371 1787
1435 1540
3633 3928
3442 3753
752 820
2321 2581
1329 1750
2063 2539
1146 1539
3734 3788
1124 1470
946 1028
2092 2383
3622 3719
1124 1563
2679 2729
2430 2600
152 181
1272 1369
2369 2428
3873 3877
1329 1734
1966 2347
2473 2598
3150 3223
4020 4037
793 797
2555 2629
1040 1125
1061 1144
2043 2229
2951 3191
1199 1250
1273 1649
1964 2488
2674 3347
89 95
2472 2639
1392 1611
107 651
1227 1576
1505 1534
977 986
1993 2179
2233 2602
2961 3304
2161 2384
3032 3187
113 334
1520 1768
2325 2525
3010 3317
2994 3149
2073 2524
492 591
2169 2598
3909 3931
142 239
1983 2520
1083 1736
1302 1329
348 538
3150 3296
1004 1198
959 1039
3438 3533
1589 1823
1212 1343
2268 2555
112 174
2229 2410
2889 3008
1938 2045
2201 2418
1108 1277
1149 1323
1364 1818
2428 2526
2063 2521
978 1243
861 889
2088 2593
2986 3348
2308 2309
2414 2446
2756 3238
3022 3348
2038 2649
2619 2630
25 283
1917 2216
1238 1330
1024 1078
1972 2660
3437 3702
2072 2127
1323 1902
1505 1684
1005 1667
1623 1659
727 756
2020 2109
514 538
2304 2389
2124 2543
412 565
2092 2303
1148 1192
1070 1109
2073 2233
1916 1947
2477 2504
3511 3515
1198 1714
1033 1908
1331 1584
2299 2309
1323 1563
941 1281
1086 1198
1935 2660
1323 1813
615 675
2856 2979
1787 1895
1997 2073
1086 1271
962 1778
961 1780
2122 2374
3611 3672
370 416
1846 1851
1210 1740
1337 1860
771 802
1059 1380
3087 3404
1563 1795
2179 2278
2780 3419
357 551
2796 3267
2018 2648
1352 1600
2742 2785
1209 1528
1126 1449
1927 2346
1199 1823
280 332
3169 3419
2782 3213
1951 2027
1984 2165
2069 2615
2353 2492
3240 3252
1538 1735
2949 3336
2054 2555
430 566
101 180
1666 2883
45 142
1718 1852
2733 3272
25 158
2063 2150
2108 2428
2765 3206
1290 1659
475 1882
2131 2521
2267 2325
3627 3702
3201 3267
3116 3416
395 527
2815 3085
2246 2471
2702 3219
1943 2352
3005 3027
1927 2171
3103 3207
2719 3347
2053 2199
2768 3353
3295 3415
3662 3745
2864 2969
2047 2144
1060 1596
2020 2078
3156 3256
1993 2037
1424 1787
630 672
3465 3476
3177 3273
1570 1795
1945 2038
960 1409
1017 1078
2904 2914
1334 1734
1132 1238
2149 2289
2728 3086
1312 1590
686 711
1557 1800
995 1488
1684 2790
45 221
978 1891
2088 2309
2031 2318
2348 2573
1471 1835
2675 3411
716 849
596 1828
3054 3153
2095 2559
1312 1613
3909 3924
3341 3369
1571 1669
1684 3162
3259 3369
1943 2103
1721 1741
1341 1886
988 1591
1360 1561
2161 2280
705 754
992 1424
2894 3115
1912 2151
1222 1793
2785 3431
1480 1858
1079 1184
2151 2436
927 1528
1024 1833
2307 2446
1062 1896
3253 3431
2116 2531
107 1527
9 134
2038 2491
1409 1863
1172 1613
2048 2128
927 1603
2800 3090
898 1277
0 21
2324 2581
2680 3304
2164 2613
2916 3064
2988 3433
2150 2275
2556 2602
2394 2511
1580 1663
107 1674
507 525
941 1820
2331 2619
2299 2477
2469 2606
412 496
369 433
2320 2515
2036 2265
2098 2500
1209 1737
2187 2496
3536 3679
1752 1861
3651 3841
1974 2368
1390 1795
2720 3342
728 737
1970 2325
2662 3162
1916 2298
916 1717
3604 3687
2172 2369
1110 1243
1684 2711
107 963
3023 3052
3111 3185
3866 3906
637 679
2191 2498
2187 2351
1971 2395
947 1302
1006 1874
1938 2306
1912 2524
2928 2956
1943 1971
995 1535
1049 1653
3692 3693
1513 1842
348 528
3549 3863
1941 2564
2112 2179
2414 2574
1173 1483
2068 2215
1382 1893
1184 1845
1958 2297
1185 1669
2220 2363
3512 3929
1187 1588
2418 2625
820 834
2247 2543
1351 1619
948 1113
2124 2520
3527 3785
2867 3232
3804 3838
1684 3262
559 567
1085 3540
942 1595
3988 4030
1289 1471
361 474
862 3621
1938 2374
2136 2532
82 318
2189 2543
2064 2334
917 1042
1352 1621
2259 2443
1078 1336
916 1380
1273 1820
2672 2684
1737 1789
2696 2934
285 313
1557 1864
2960 3284
2951 3342
3266 3405
3226 3284
2227 2263
1305 1409
2283 2629
3455 3921
414 465
2165 2602
3655 3747
3576 3824
606 614
2153 2653
2835 3104
2130 2659
1269 1302
3201 3320
3603 3790
2072 2133
1929 2340
1148 1884
3680 3969
2326 2624
1110 1911
1081 1751
947 1391
1006 1898
2408 2654
2424 2644
1059 1370
3698 3728
3079 3350
2266 2409
1107 1620
107 563
1684 2663
964 1469
1983 1984
3677 3734
1729 1828
1491 1789
2877 2969
488 553
1238 1409
1153 1456
1305 1668
2039 2347
1997 2561
3325 3423
1929 1963
2983 3072
3172 3198
2180 2224
3715 3921
2331 2407
1920 2111
1047 1323
2044 2266
2144 2330
1993 2460
2730 3032
402 482
66 142
967 1835
2111 2438
2091 2260
2103 2638
1012 1237
1209 1340
1505 3205
1980 2659
1009 1036
408 520
1199 1391
1918 2271
1426 1628
2045 2083
2666 2773
1331 1370
2864 3073
1479 1583
1305 1390
2040 2631
2024 2159
2178 2321
3980 4015
1026 1409
2778 3016
2729 2887
196 330
16 172
2184 2468
3506 3623
2839 2967
1156 1823
698 882
2926 3365
908 1555
2484 2619
2950 3320
1101 1456
1272 1714
972 1736
2074 2638
2570 2577
2039 2283
171 1193
1172 1714
978 1376
2944 3339
2867 3174
3437 3542
768 789
1219 1551
390 475
2874 2966
1128 1612
107 1646
3367 3377
2004 2268
1637 1804
1118 1363
1356 1743
474 557
417 544
3302 3350
1917 2339
2695 2867
1960 2313
1191 1290
1471 1793
379 532
1118 1533
1959 2007
2880 3363
1597 1714
1369 1608
3437 3472
1129 1587
2055 2339
3615 3815
2974 2994
2212 2460
1174 1433
2323 2590
2672 2823
2323 2586
2940 2986
463 524
492 497
2458 2511
