2000
0	1
0	2
0	3
0	4
0	5
0	6
0	7
0	8
0	9
0	10
1	2
1	11
1	12
1	13
1	14
1	15
1	16
1	17
1	18
1	19
3	20
3	21
3	22
3	23
3	24
3	25
3	26
3	27
3	28
3	29
8	30
8	31
8	32
8	33
8	34
8	35
8	36
8	37
8	38
8	39
10	41
10	136
10	137
10	138
10	139
10	140
10	141
10	142
10	143
10	144
12	40
12	41
12	42
12	43
12	44
12	45
12	46
12	47
12	48
12	49
14	199
14	756
14	1116
17	79
17	80
17	81
17	82
17	83
17	84
17	85
17	86
17	87
17	88
19	69
19	70
19	71
19	72
19	73
19	74
19	75
19	76
19	77
19	78
20	50
20	51
20	52
20	53
20	54
20	55
20	56
20	57
20	58
20	59
21	22
21	60
21	61
21	62
21	63
21	64
21	65
21	66
21	67
21	68
23	108
23	109
23	110
23	111
23	112
23	113
23	114
23	115
23	116
25	98
25	99
25	100
25	101
25	102
25	103
25	104
25	105
25	106
25	107
26	78
26	89
26	90
26	91
26	92
26	93
26	94
26	95
26	96
26	97
29	654
30	185
30	186
38	117
38	118
38	119
38	120
38	121
38	122
38	123
38	124
38	125
38	126
39	155
39	156
39	157
39	158
39	159
39	160
39	161
39	162
39	163
39	164
46	92
46	127
46	128
46	129
46	130
46	131
46	132
46	133
46	134
46	135
54	145
54	146
54	147
54	148
54	149
54	150
54	151
54	152
54	153
54	154
58	165
58	166
58	167
58	168
58	169
58	170
58	171
58	172
58	173
58	174
60	184
61	175
62	13
62	176
62	177
62	178
62	179
62	180
62	181
62	182
62	183
65	178
65	197
65	198
65	199
65	200
65	201
65	202
65	203
65	204
65	205
73	187
73	188
73	189
73	190
73	191
73	192
73	193
73	194
73	195
73	196
75	3
75	6
75	57
75	216
75	217
75	218
75	219
75	220
75	221
75	222
76	206
76	207
76	208
76	209
76	210
76	211
76	212
76	213
76	214
76	215
77	80
77	84
77	85
77	86
77	88
77	294
77	309
77	310
77	311
77	312
78	490
78	491
78	492
80	232
80	233
80	234
80	235
80	236
80	237
80	238
80	239
80	240
81	193
81	196
81	750
81	1014
83	63
83	223
83	224
83	225
83	226
83	227
83	228
83	229
83	230
83	231
84	408
84	820
87	208
87	241
87	242
87	243
87	244
87	245
87	246
87	247
87	248
88	84
88	85
88	86
88	292
88	293
88	294
88	295
88	296
88	297
88	298
89	148
89	266
89	267
89	268
89	269
89	270
89	271
89	272
89	273
89	274
90	89
90	92
90	223
90	259
90	260
90	261
90	262
90	263
90	264
90	265
91	249
91	250
91	251
91	252
91	253
91	254
91	255
91	256
91	257
91	258
92	164
92	275
92	276
92	277
92	278
92	279
92	280
92	281
92	282
92	283
93	107
93	284
93	285
93	286
93	287
93	288
93	289
93	290
93	291
94	299
94	300
94	301
94	302
94	303
94	304
94	305
94	306
94	307
94	308
96	333
96	334
96	335
96	336
96	337
96	338
96	339
96	340
96	341
96	342
97	27
97	142
97	502
97	742
97	871
97	872
97	873
97	874
97	875
97	876
97	877
97	878
97	879
97	880
97	881
97	882
97	883
97	884
97	885
99	4
99	103
99	105
99	320
99	321
99	322
99	323
99	324
99	325
99	326
99	327
99	328
99	329
99	330
99	331
99	332
101	139
101	313
101	314
101	315
101	316
101	317
101	318
101	319
106	166
106	171
106	343
106	344
106	345
106	346
106	347
106	348
106	349
108	350
109	385
109	386
109	387
109	388
109	389
109	390
109	391
109	392
109	393
109	394
111	102
112	329
112	351
112	352
112	353
112	354
112	355
112	356
112	357
112	358
112	359
113	86
113	360
113	361
113	362
113	363
113	364
113	365
113	366
113	367
115	395
115	396
115	397
115	398
115	399
115	400
115	401
115	402
115	403
115	404
116	512
118	368
118	369
118	370
118	371
118	372
118	373
118	374
118	375
118	376
118	377
119	102
119	103
119	322
119	378
119	379
119	380
119	381
119	382
119	383
119	384
120	97
120	408
120	438
120	439
120	440
120	441
120	442
120	443
120	444
120	445
121	480
121	481
121	482
121	483
121	484
121	485
121	486
121	487
121	488
121	489
122	149
122	415
122	416
122	417
122	418
123	405
123	406
123	407
123	408
123	409
123	410
123	411
123	412
123	413
123	414
124	419
124	420
124	421
124	422
124	423
124	424
124	425
124	426
124	427
124	428
125	470
125	471
125	472
125	473
125	474
125	475
125	476
125	477
125	478
125	479
126	244
126	957
126	958
127	1475
128	18
128	429
128	430
128	431
128	432
128	433
128	434
128	435
128	436
128	437
130	446
130	447
130	448
130	449
130	450
130	451
130	452
130	453
130	454
130	455
131	140
131	328
131	456
131	457
131	458
131	459
131	460
131	461
131	462
131	463
132	3
132	52
132	219
132	222
132	464
132	465
132	466
132	467
132	468
132	469
133	570
133	1210
133	1755
136	730
136	1116
136	1198
136	1454
137	289
137	493
137	494
137	495
137	496
137	497
137	498
137	499
137	500
137	501
141	502
141	503
141	504
141	505
141	506
141	507
141	508
141	509
141	510
141	511
144	260
144	377
144	513
144	514
144	515
144	516
144	517
144	518
144	519
144	520
147	402
147	521
147	522
147	523
147	524
147	525
147	526
147	527
147	528
147	529
148	40
148	121
148	530
148	531
148	532
148	533
148	534
148	535
148	536
148	537
150	538
150	539
150	540
150	541
150	542
150	543
150	544
150	545
150	546
150	547
153	197
153	473
153	548
153	549
153	550
153	551
153	552
153	553
153	554
153	555
154	167
154	580
154	581
154	582
154	583
154	584
154	585
154	586
154	587
154	588
157	155
157	556
157	557
157	558
157	559
157	560
157	561
157	562
157	563
157	564
158	346
158	495
158	505
158	565
158	566
158	567
158	568
158	569
162	570
162	571
162	572
162	573
162	574
162	575
162	576
162	577
162	578
162	579
165	589
165	590
165	591
165	592
165	593
165	594
165	595
165	596
165	597
165	598
166	205
166	599
166	600
166	601
166	602
166	603
166	604
166	605
166	606
166	607
167	608
167	609
167	610
167	611
167	612
167	613
167	614
167	615
167	616
167	617
168	155
168	157
168	540
168	618
168	619
168	620
168	621
168	622
168	623
168	624
170	78
170	715
170	716
170	717
170	718
170	719
170	720
170	721
170	722
170	723
171	543
171	600
171	616
171	625
171	626
171	627
171	628
171	629
171	630
171	631
175	92
175	190
175	421
175	632
175	633
175	634
175	635
175	636
175	637
175	638
176	180
176	561
176	633
176	639
176	640
176	641
176	642
176	643
176	644
176	645
177	4
180	304
180	639
180	646
180	647
180	648
180	649
180	650
180	651
180	652
180	653
181	359
181	655
181	656
181	657
181	658
181	659
181	660
181	661
181	662
181	663
183	664
184	564
184	665
184	666
184	667
184	668
184	669
184	670
184	671
184	672
184	673
187	167
187	407
187	568
187	693
187	694
187	695
187	696
187	697
187	698
187	699
189	674
189	675
189	676
189	677
189	678
189	679
189	680
189	681
189	682
189	683
190	1091
190	1579
192	684
192	685
192	686
192	687
192	688
192	689
192	690
192	691
192	692
193	700
194	9
194	290
194	351
194	581
194	836
195	278
195	399
195	605
195	701
195	702
195	703
195	704
195	705
195	706
195	707
198	165
198	178
198	675
198	708
198	709
198	710
198	711
198	712
198	713
198	714
200	724
200	725
200	726
200	727
200	728
200	729
200	730
200	731
200	732
200	733
201	359
201	734
201	735
201	736
201	737
201	738
201	739
201	740
201	741
201	742
206	328
206	641
206	753
206	754
206	755
206	756
206	757
206	758
206	759
206	760
207	743
207	744
207	745
207	746
207	747
207	748
207	749
207	750
207	751
207	752
213	172
213	348
213	410
213	761
213	762
213	763
213	764
213	765
213	766
213	767
218	69
218	564
218	768
218	769
218	770
218	771
218	772
218	773
218	774
220	108
220	775
220	776
220	777
220	778
220	779
220	780
220	781
220	782
220	783
221	784
223	355
223	785
223	786
223	787
223	788
223	789
223	790
223	791
223	792
227	58
227	106
227	343
227	344
227	345
227	347
227	793
227	794
227	795
229	161
229	362
229	796
229	797
229	798
229	799
229	800
229	801
229	802
231	1268
231	1269
231	1270
231	1271
231	1272
231	1273
231	1274
234	92
234	627
234	691
234	803
234	804
234	805
234	806
234	807
234	808
234	809
235	4
235	810
235	811
235	812
235	813
235	814
235	815
235	816
235	817
235	818
236	256
236	768
236	773
236	836
236	837
236	838
236	839
236	840
236	841
236	842
237	296
237	579
237	812
237	819
237	820
237	821
237	822
237	823
237	824
237	825
238	826
238	827
238	828
238	829
238	830
238	831
238	832
238	833
238	834
238	835
239	475
239	844
239	910
239	911
239	912
239	913
239	914
239	915
239	916
239	917
240	505
240	518
240	843
240	844
240	845
240	846
240	847
240	848
242	669
242	783
242	809
242	849
242	850
242	851
242	852
242	853
242	854
242	855
244	669
244	957
244	1012
244	1020
244	1021
244	1022
244	1023
244	1024
244	1025
244	1026
247	1275
247	1276
247	1277
247	1278
247	1279
247	1280
248	76
248	419
248	726
248	856
248	857
248	858
248	859
248	860
248	861
248	862
251	685
251	859
251	863
251	864
251	865
251	866
251	867
251	868
251	869
251	870
252	301
252	500
252	866
252	894
252	895
252	896
252	897
252	898
252	899
252	900
253	483
253	886
253	887
253	888
253	889
253	890
253	891
253	892
253	893
254	305
254	901
254	902
254	903
254	904
254	905
254	906
254	907
254	908
254	909
255	864
255	924
255	925
255	926
255	927
255	928
255	929
255	930
255	931
255	932
256	291
256	686
256	812
256	860
256	918
256	919
256	920
256	921
256	922
256	923
260	162
260	329
260	975
260	976
260	977
260	978
260	979
260	980
260	981
261	547
261	933
261	934
261	935
261	936
261	937
261	938
261	939
261	940
261	941
262	103
262	323
262	326
262	330
262	942
262	943
262	944
262	945
262	946
262	947
263	114
263	481
263	1093
263	1588
263	1717
264	642
264	948
264	949
264	950
264	951
264	952
264	953
264	954
264	955
264	956
265	386
265	484
265	1027
265	1028
265	1029
265	1030
265	1031
265	1032
265	1033
265	1034
266	978
266	1011
266	1012
266	1013
266	1014
266	1015
266	1016
266	1017
266	1018
266	1019
267	628
267	928
267	959
267	960
267	961
267	962
267	963
267	964
267	965
267	966
268	215
268	967
268	968
268	969
268	970
268	971
268	972
268	973
268	974
270	263
270	1044
270	1045
270	1046
270	1047
270	1048
270	1049
270	1050
270	1051
270	1052
272	765
272	982
272	983
272	984
272	985
272	986
272	987
272	988
272	989
273	289
273	635
273	967
273	990
273	991
273	992
273	993
273	994
273	995
273	996
275	149
275	431
275	997
275	998
275	999
275	1000
275	1001
275	1002
275	1003
275	1004
276	1315
277	413
277	637
277	638
277	698
277	1005
277	1006
277	1007
277	1008
277	1009
277	1010
280	264
280	1035
280	1036
280	1037
280	1038
280	1039
280	1040
280	1041
280	1042
280	1043
281	542
281	837
282	50
285	106
285	345
285	407
285	569
285	1053
285	1054
285	1055
285	1056
285	1057
285	1058
286	203
286	1073
286	1074
286	1075
286	1076
286	1077
286	1078
286	1079
286	1080
286	1081
287	296
287	324
287	332
287	1059
287	1060
287	1061
287	1062
287	1063
287	1064
287	1065
289	370
289	386
289	1066
289	1067
289	1068
289	1069
289	1070
289	1071
289	1072
292	317
292	806
292	1082
292	1083
292	1084
292	1085
292	1086
292	1087
292	1088
292	1089
295	73
295	291
295	534
295	735
295	1090
295	1091
295	1092
295	1093
299	1117
300	861
300	1094
300	1095
300	1096
300	1097
300	1098
300	1099
300	1100
300	1101
301	1102
304	261
304	348
304	381
304	407
304	634
304	1054
305	437
305	1080
305	1103
305	1104
305	1105
305	1106
305	1107
305	1108
305	1109
305	1110
306	1118
308	365
308	367
308	619
308	752
308	1111
308	1112
308	1113
308	1114
308	1115
308	1116
311	970
314	535
314	560
314	596
314	850
314	973
314	1109
314	1119
314	1120
314	1121
314	1122
314	1123
314	1124
314	1125
314	1126
314	1127
314	1128
314	1129
314	1130
314	1131
314	1132
314	1133
314	1134
314	1135
314	1136
314	1137
314	1138
314	1139
315	1077
315	1157
315	1158
315	1159
315	1160
315	1161
315	1162
315	1163
315	1164
315	1165
316	390
316	848
316	1140
316	1141
316	1142
316	1143
316	1144
316	1145
316	1146
316	1147
317	830
317	1148
317	1149
317	1150
317	1151
317	1152
317	1153
317	1154
317	1155
317	1156
318	527
318	669
318	1166
318	1167
318	1168
318	1169
318	1170
318	1171
318	1172
318	1173
327	324
327	764
327	801
327	923
327	1174
327	1175
327	1176
327	1177
327	1178
327	1179
328	164
328	272
328	323
328	342
328	1180
328	1181
328	1182
328	1183
328	1184
328	1185
331	1186
331	1187
331	1188
331	1189
331	1190
331	1191
331	1192
331	1193
331	1194
331	1195
333	1196
335	397
335	734
335	1197
335	1198
335	1199
335	1200
335	1201
335	1202
335	1203
335	1204
336	1205
343	44
343	494
343	1203
343	1206
343	1207
343	1208
343	1209
343	1210
343	1211
344	88
344	399
344	782
344	1146
344	1212
344	1213
344	1214
344	1215
344	1216
344	1217
345	1218
345	1219
345	1220
345	1221
345	1222
345	1223
345	1224
345	1225
345	1226
345	1227
346	1228
346	1229
346	1230
346	1231
346	1232
346	1233
346	1234
346	1235
346	1236
347	883
347	1237
347	1238
347	1239
347	1240
347	1241
347	1242
347	1243
347	1244
347	1245
348	1095
348	1246
348	1247
348	1248
348	1249
348	1250
348	1251
348	1252
348	1253
348	1254
349	466
349	693
349	695
349	698
349	1247
349	1255
349	1256
349	1257
349	1258
349	1259
351	1310
352	700
352	1083
352	1260
352	1261
352	1262
352	1263
352	1264
352	1265
352	1266
352	1267
354	407
354	699
354	765
354	867
354	945
354	1072
354	1255
354	1299
354	1300
354	1301
355	1049
355	1174
355	1281
355	1282
355	1283
355	1284
355	1285
355	1286
355	1287
356	145
356	367
356	1302
356	1303
356	1304
356	1305
356	1306
356	1307
356	1308
356	1309
358	54
358	224
358	413
358	678
358	975
358	1288
358	1289
358	1290
358	1291
358	1292
360	411
360	1047
360	1151
360	1215
360	1293
360	1294
360	1295
360	1296
360	1297
360	1298
369	80
369	1311
369	1312
369	1313
369	1314
375	129
375	346
375	505
375	565
375	566
375	849
375	1316
375	1317
375	1318
381	395
381	1084
381	1319
381	1320
381	1321
381	1322
381	1323
381	1324
381	1325
381	1326
385	161
385	1747
386	311
386	646
386	1020
386	1091
386	1119
386	1327
386	1328
386	1329
386	1330
386	1331
387	735
387	1332
387	1333
387	1334
387	1335
387	1336
387	1337
387	1338
387	1339
387	1340
390	289
390	1341
390	1342
390	1343
390	1344
390	1345
390	1346
390	1347
390	1348
390	1349
391	146
397	1197
397	1248
397	1350
397	1351
397	1352
397	1353
397	1354
397	1355
397	1356
405	790
405	819
405	933
405	1157
405	1217
405	1357
405	1358
405	1359
405	1360
405	1361
407	363
407	695
407	877
407	884
407	1362
407	1363
407	1364
407	1365
407	1366
408	497
408	595
408	1172
408	1367
408	1368
408	1369
408	1370
408	1371
408	1372
408	1373
409	803
409	1020
409	1374
409	1375
409	1376
409	1377
409	1378
409	1379
409	1380
410	102
410	591
410	617
410	717
410	1381
410	1382
410	1383
410	1384
410	1385
410	1386
411	4
411	129
411	572
411	585
411	1414
411	1415
411	1416
411	1417
411	1418
411	1419
412	388
412	1387
412	1388
412	1389
412	1390
412	1391
412	1392
412	1393
412	1394
412	1395
413	1396
413	1397
413	1398
413	1399
413	1400
413	1401
413	1402
413	1403
413	1404
415	1527
421	361
421	921
421	1396
421	1420
421	1421
421	1422
421	1423
421	1424
421	1425
421	1426
423	221
423	1405
423	1406
423	1407
423	1408
423	1409
423	1410
423	1411
423	1412
423	1413
424	758
424	1247
424	1427
424	1428
424	1429
424	1430
424	1431
424	1432
424	1433
426	1145
426	1434
426	1435
426	1436
426	1437
426	1438
426	1439
426	1440
426	1441
427	1448
427	1449
427	1450
427	1451
427	1452
427	1453
427	1454
427	1455
427	1456
427	1457
428	137
428	251
428	533
428	752
428	1442
428	1443
428	1444
428	1445
428	1446
428	1447
430	640
430	1462
430	1463
430	1464
430	1465
430	1466
430	1467
430	1468
430	1469
430	1470
433	4
433	576
433	720
433	874
433	1125
433	1345
433	1458
433	1459
433	1460
433	1461
438	481
438	1471
438	1472
438	1473
438	1474
438	1475
438	1476
438	1477
438	1478
438	1479
439	117
439	612
439	803
439	1196
439	1480
439	1481
439	1482
439	1483
439	1484
439	1485
442	1424
442	1700
445	293
445	739
445	1486
445	1487
445	1488
445	1489
445	1490
445	1491
445	1492
445	1493
446	295
446	1494
446	1495
446	1496
446	1497
446	1498
446	1499
446	1500
446	1501
446	1502
447	148
447	174
447	346
447	628
447	693
447	987
447	1503
447	1504
447	1505
447	1506
448	263
453	638
453	913
453	1222
453	1507
453	1508
453	1509
453	1510
453	1511
453	1512
453	1513
458	112
458	292
458	1016
458	1514
458	1515
458	1516
458	1517
458	1518
458	1519
458	1520
463	261
463	551
463	696
463	1058
463	1528
463	1529
463	1530
463	1531
463	1532
464	365
464	601
464	1011
464	1226
464	1341
464	1521
464	1522
464	1523
464	1524
464	1525
465	1526
467	871
467	900
467	1397
467	1554
467	1555
467	1556
467	1557
467	1558
467	1559
467	1560
468	369
468	880
468	1314
468	1544
468	1545
468	1546
468	1547
468	1548
468	1549
468	1550
472	1605
473	127
473	168
473	265
473	1353
473	1533
473	1534
473	1535
473	1536
473	1537
473	1538
474	181
474	233
474	245
474	249
474	896
474	1539
474	1540
474	1541
474	1542
474	1543
475	148
475	628
475	766
475	987
475	1164
475	1503
475	1551
475	1552
475	1553
476	474
476	560
476	1461
476	1561
476	1562
476	1563
476	1564
476	1565
476	1566
476	1567
480	237
480	290
480	503
480	753
480	801
480	1568
480	1569
480	1570
480	1571
480	1572
483	147
483	1020
483	1119
483	1122
483	1579
483	1580
483	1581
483	1582
483	1583
483	1584
484	436
484	668
484	730
484	731
484	1573
484	1574
484	1575
484	1576
484	1577
484	1578
485	1709
485	1710
485	1711
485	1712
486	165
486	407
486	568
486	694
486	695
486	696
486	697
486	698
486	699
486	1255
487	213
487	287
487	544
487	1585
487	1586
487	1587
487	1588
487	1589
487	1590
487	1591
489	325
489	544
489	672
489	922
489	1160
489	1592
489	1593
489	1594
489	1595
489	1596
493	172
493	173
493	636
493	761
493	762
493	763
493	765
493	1456
493	1536
493	1597
495	720
495	893
495	1281
495	1598
495	1599
495	1600
495	1601
495	1602
495	1603
495	1604
496	92
496	709
496	1619
496	1620
496	1621
496	1622
496	1623
496	1624
496	1625
496	1626
498	41
498	731
498	978
498	1044
498	1606
498	1607
498	1608
498	1609
498	1610
498	1611
501	500
504	1780
504	1781
504	1782
504	1783
504	1784
506	261
506	410
506	538
506	765
506	867
506	945
506	1072
506	1088
506	1612
506	1613
507	261
507	538
507	565
507	765
507	1299
507	1614
507	1615
507	1616
507	1617
507	1618
510	246
510	361
510	880
510	1636
510	1637
510	1638
510	1639
510	1640
510	1641
510	1642
511	1407
511	1724
511	1816
511	1817
512	989
512	1627
512	1628
512	1629
512	1630
512	1631
512	1632
512	1633
512	1634
512	1635
515	497
515	517
515	1625
515	1627
515	1643
515	1644
515	1645
515	1646
515	1647
515	1648
516	665
516	914
516	945
516	1042
516	1054
516	1299
516	1649
516	1650
516	1651
516	1652
519	146
519	390
519	1653
519	1654
519	1655
519	1656
519	1657
519	1658
519	1659
519	1660
524	261
524	410
524	565
524	765
524	867
524	945
524	1072
524	1299
524	1304
524	1666
526	245
526	804
526	897
526	1369
526	1661
526	1662
526	1663
526	1664
526	1665
527	174
527	887
527	1083
527	1165
527	1667
527	1668
527	1669
527	1670
527	1671
527	1672
528	290
528	451
528	742
528	1831
528	1866
528	1867
531	311
531	1644
531	1673
531	1674
531	1675
531	1676
531	1677
531	1678
531	1679
531	1680
533	571
533	941
533	1136
533	1681
533	1682
533	1683
533	1684
533	1685
533	1686
533	1687
535	422
535	1632
535	1688
535	1689
535	1690
535	1691
535	1692
535	1693
535	1694
535	1695
536	296
536	337
536	834
536	1441
536	1647
536	1696
536	1697
536	1698
536	1699
543	1985
543	1986
543	1987
545	553
545	659
545	1701
545	1702
545	1703
545	1704
545	1705
545	1706
545	1707
545	1708
547	1713
547	1714
547	1715
547	1716
547	1717
547	1718
547	1719
547	1720
547	1721
547	1722
549	1254
549	1723
549	1724
549	1725
549	1726
549	1727
549	1728
549	1729
549	1730
550	59
550	1308
550	1725
550	1727
550	1731
550	1732
550	1733
550	1734
550	1735
550	1736
556	185
556	315
556	539
556	1484
556	1694
556	1737
556	1738
556	1739
556	1740
556	1741
557	870
558	1165
558	1197
558	1669
558	1742
558	1743
558	1744
558	1745
558	1746
558	1747
558	1748
562	69
562	70
562	164
562	824
562	1763
562	1764
562	1765
562	1766
562	1767
562	1768
563	1749
563	1750
563	1751
563	1752
563	1753
563	1754
563	1755
563	1756
563	1757
563	1758
565	1356
565	1759
565	1760
565	1761
565	1762
566	63
566	388
566	403
566	458
566	459
566	1564
566	1773
566	1774
566	1775
566	1776
567	367
567	547
567	1823
567	1824
567	1825
567	1826
567	1827
567	1828
567	1829
567	1830
568	540
568	621
568	961
568	1710
568	1769
568	1770
568	1771
568	1772
569	71
569	130
569	131
569	430
569	763
569	851
569	1608
569	1831
569	1832
569	1833
570	1247
570	1349
571	669
571	1536
571	1777
571	1778
571	1779
574	1336
574	1443
574	1932
575	125
575	530
575	1689
575	1798
575	1799
575	1800
575	1801
575	1802
575	1803
575	1804
576	86
576	832
576	1026
576	1603
576	1785
576	1786
576	1787
576	1788
576	1789
576	1790
577	332
577	369
577	1791
577	1792
577	1793
577	1794
577	1795
577	1796
577	1797
580	1176
580	1218
580	1709
580	1795
580	1805
580	1806
580	1807
580	1808
580	1809
580	1810
581	587
581	679
581	1146
581	1221
581	1555
581	1811
581	1812
581	1813
581	1814
581	1815
582	288
582	583
582	1142
582	1187
582	1636
582	1818
582	1819
582	1820
582	1821
582	1822
586	390
586	1332
586	1669
586	1834
586	1835
586	1836
586	1837
586	1838
586	1839
590	1317
590	1802
590	1840
590	1841
590	1842
590	1843
590	1844
590	1845
590	1846
590	1847
591	146
591	390
591	573
591	1091
591	1158
591	1848
591	1849
591	1850
591	1851
591	1852
592	1873
592	1874
592	1875
592	1876
592	1877
592	1878
592	1879
592	1880
592	1881
592	1882
595	74
595	889
595	1853
595	1854
595	1855
595	1856
595	1857
595	1858
595	1859
596	106
596	343
596	344
596	345
596	346
596	347
596	348
596	794
596	795
597	491
597	700
597	1082
597	1603
597	1860
597	1861
597	1862
597	1863
597	1864
597	1865
599	4
599	874
601	165
601	407
601	469
601	568
601	693
601	694
601	695
601	697
601	698
601	1255
603	295
603	469
603	544
603	1160
603	1458
603	1868
603	1869
603	1870
603	1871
603	1872
604	85
604	373
605	1893
605	1894
605	1895
605	1896
605	1897
605	1898
605	1899
605	1900
605	1901
605	1902
610	1109
610	1186
610	1234
610	1628
610	1883
610	1884
610	1885
610	1886
610	1887
611	287
611	1194
611	1571
611	1722
611	1822
611	1888
611	1889
611	1890
611	1891
611	1892
615	263
615	538
615	765
615	983
615	987
615	989
615	1553
615	1903
615	1904
615	1905
617	208
617	649
617	693
617	694
617	697
617	1764
617	1912
617	1913
617	1914
617	1915
620	1916
620	1917
620	1918
620	1919
620	1920
620	1921
620	1922
620	1923
620	1924
620	1925
621	86
621	260
621	389
621	1409
621	1906
621	1907
621	1908
621	1909
621	1910
621	1911
628	322
628	342
628	760
628	946
628	1926
628	1927
628	1928
628	1929
628	1930
628	1931
630	223
630	241
630	608
630	711
630	1817
630	1932
630	1933
630	1934
630	1935
630	1936
631	438
631	752
631	1030
631	1232
631	1937
631	1938
631	1939
631	1940
631	1941
631	1942
632	93
632	180
632	190
632	223
632	267
632	1185
632	1946
632	1947
632	1948
632	1949
633	180
633	190
633	223
633	925
633	928
633	1209
633	1340
633	1943
633	1944
633	1945
637	487
637	1091
637	1962
637	1963
637	1964
637	1965
637	1966
637	1967
637	1968
637	1969
638	282
638	898
638	1950
638	1951
638	1952
638	1953
638	1954
638	1955
638	1956
638	1957
639	58
639	92
639	127
639	133
639	1322
639	1958
639	1959
639	1960
639	1961
641	1970
645	1974
647	410
647	566
647	826
647	1551
647	1699
647	1959
647	1971
647	1972
647	1973
649	4
649	230
649	613
649	614
649	803
649	886
649	1975
649	1976
649	1977
649	1978
650	596
650	653
650	1648
650	1931
650	1979
650	1980
650	1981
650	1982
650	1983
650	1984
654	280
654	329
654	1824
654	1988
654	1989
654	1990
654	1991
654	1992
654	1993
654	1994
657	340
657	1417
657	1760
657	1995
657	1996
657	1997
657	1998
657	1999
660	46
660	134
664	319
664	1169
666	165
666	407
666	568
666	693
666	694
666	695
666	696
666	697
666	698
666	1255
668	1435
668	1538
669	171
669	290
669	385
669	982
669	1538
669	1777
670	1571
671	469
671	1751
673	800
673	1417
673	1497
674	832
674	1555
675	164
675	170
675	307
675	648
675	696
675	1533
678	330
683	75
683	1356
684	50
688	898
688	1258
691	411
691	1664
691	1739
692	263
692	538
692	697
692	765
692	983
692	1553
692	1904
692	1905
693	1845
695	903
696	531
696	1197
697	77
698	304
698	639
698	956
698	1231
698	1589
699	1258
699	1406
702	478
702	1808
702	1963
703	796
704	127
704	454
704	1229
704	1625
704	1663
704	1804
705	86
705	390
705	1411
705	1657
705	1659
705	1923
706	100
708	1085
709	421
709	487
709	1164
709	1204
713	92
713	99
713	277
713	367
713	474
713	1918
714	351
714	356
714	811
714	829
714	1602
716	251
716	392
716	642
716	931
716	1171
716	1813
717	54
717	603
717	1525
717	1915
719	669
719	726
719	982
719	1219
719	1579
721	797
721	1458
722	165
722	412
722	453
722	699
722	1054
723	1982
726	290
726	669
726	701
727	454
727	927
727	1369
727	1860
727	1979
728	367
728	494
728	657
728	664
728	1456
728	1501
728	1630
729	1045
729	1159
740	1426
744	481
744	497
744	1182
748	593
748	1929
748	1931
748	1934
750	929
750	1503
753	198
753	512
754	6
754	232
754	1318
754	1429
754	1449
756	282
756	395
756	1816
758	205
758	719
758	1445
758	1759
758	1777
758	1968
761	326
761	1929
762	408
762	628
762	889
762	1533
763	1410
763	1580
763	1598
765	67
765	68
765	422
765	1152
765	1408
765	1907
766	552
766	1274
766	1415
766	1644
766	1716
768	549
768	892
768	1050
768	1980
774	148
774	538
774	628
774	766
774	1503
774	1551
774	1552
774	1553
776	407
776	847
776	982
776	984
776	985
776	988
776	989
776	1506
781	449
781	903
781	1160
781	1341
786	208
786	1705
788	402
788	1399
789	742
790	1017
790	1194
790	1261
790	1359
790	1747
791	487
791	992
792	604
792	605
792	1974
794	922
794	1233
798	58
798	171
798	424
798	638
811	22
811	320
811	1079
811	1393
820	260
820	272
820	1648
821	372
821	1108
821	1728
822	455
822	1699
822	1860
822	1940
823	174
823	344
823	636
823	867
823	1456
823	1536
823	1553
825	217
825	526
825	965
825	1054
826	31
826	138
826	385
826	1128
826	1643
827	174
827	405
827	409
827	411
827	412
827	771
829	100
829	1090
829	1853
830	481
830	685
830	1325
830	1728
831	20
831	378
831	830
831	1528
831	1833
832	169
832	517
832	985
832	988
835	187
835	190
835	260
835	613
837	30
837	340
837	1164
837	1716
838	415
839	332
839	1466
839	1910
841	185
841	256
841	838
841	842
841	1421
841	1988
842	109
842	1252
844	143
844	1008
844	1894
846	720
846	1835
849	1143
849	1216
850	1819
851	129
851	183
851	505
851	565
851	566
851	567
851	568
851	1316
853	1598
853	1710
855	90
855	407
855	565
855	694
855	695
855	699
855	984
855	1056
855	1603
856	334
856	781
856	1001
857	499
857	873
857	879
857	884
857	1090
857	1402
858	605
858	812
858	1048
858	1786
859	131
859	133
859	267
859	429
859	677
859	794
859	1652
862	13
862	216
862	648
862	758
862	1711
864	58
864	128
864	257
864	664
864	1056
864	1347
865	993
865	1203
866	709
866	1322
866	1426
867	213
867	596
867	674
867	1854
868	298
868	379
868	1307
870	268
870	306
871	901
871	1160
871	1169
871	1705
882	1143
882	1441
882	1900
882	1962
886	257
886	554
886	650
886	878
886	1406
886	1836
889	167
889	606
889	1501
889	1546
889	1581
890	436
890	762
890	1791
891	161
891	992
891	1330
891	1393
891	1626
892	900
892	1378
893	261
893	410
893	565
893	699
893	765
893	867
893	945
893	1072
893	1255
893	1299
896	509
896	660
896	1604
896	1665
896	1765
897	147
897	410
897	566
897	826
897	1551
897	1971
901	129
901	695
901	699
901	1055
901	1164
901	1198
901	1456
901	1552
901	1971
902	276
902	739
902	786
902	1418
904	244
904	1714
906	30
906	1227
911	932
911	957
911	958
911	1067
911	1612
912	293
912	569
912	763
912	1968
916	1391
916	1398
916	1406
920	127
920	187
920	697
920	841
920	1353
920	1534
920	1535
920	1537
920	1553
922	617
922	1171
922	1766
923	30
923	1159
923	1579
923	1600
924	464
924	927
924	928
924	929
924	1158
924	1780
925	105
925	128
925	1278
925	1288
925	1848
927	433
927	654
927	681
927	1563
928	520
928	750
928	824
928	1075
928	1077
928	1634
928	1997
930	17
930	97
930	332
930	1056
930	1441
930	1771
931	1171
934	834
934	850
934	1008
934	1125
934	1295
935	1202
935	1824
935	1886
938	935
938	1217
941	172
941	407
941	568
941	636
941	694
941	695
941	696
941	697
941	763
941	764
943	1217
943	1303
943	1863
943	1911
945	176
945	205
945	602
945	850
945	966
945	1362
945	1699
946	367
946	702
946	1186
946	1322
946	1461
946	1842
948	1918
952	850
954	2
954	1648
954	1658
954	1904
954	1968
955	132
955	335
955	1658
955	1755
955	1799
956	182
956	418
956	1675
958	158
958	220
958	344
958	697
958	1503
958	1613
958	1689
961	493
961	574
961	674
963	198
963	421
963	691
963	1005
967	350
967	946
967	1588
967	1771
968	870
968	1338
968	1419
968	1428
968	1597
971	401
972	631
972	1014
972	1062
972	1095
972	1311
972	1657
977	343
977	505
977	1886
983	185
983	279
983	426
984	647
984	1555
985	141
985	616
985	801
987	18
987	118
987	1087
987	1158
987	1459
988	933
988	1249
989	1041
989	1144
989	1395
989	1579
990	759
990	897
990	1312
990	1502
992	503
992	815
992	960
992	1616
1003	342
1003	567
1003	1129
1003	1817
1008	202
1008	371
1008	374
1008	512
1008	956
1008	1056
1008	1254
1015	323
1015	416
1015	473
1015	545
1017	127
1017	697
1017	1534
1017	1535
1017	1537
1017	1552
1017	1553
1018	382
1018	781
1019	642
1019	895
1019	1072
1019	1598
1021	275
1021	1033
1024	133
1024	165
1024	407
1024	436
1024	568
1024	693
1024	695
1024	696
1024	699
1024	1354
1025	499
1025	1230
1026	115
1026	1109
1026	1491
1026	1818
1030	4
1030	161
1030	318
1030	622
1030	1165
1030	1419
1030	1758
1031	565
1031	659
1031	765
1031	945
1031	1299
1031	1459
1033	1963
1042	679
1042	1198
1042	1485
1042	1759
1042	1997
1048	142
1048	374
1048	561
1048	605
1048	812
1048	1639
1050	1335
1050	1451
1050	1626
1051	527
1051	721
1051	1049
1052	625
1053	325
1053	951
1053	1172
1053	1423
1053	1558
1054	220
1058	1842
1061	325
1061	1114
1065	6
1065	374
1065	687
1065	824
1067	546
1070	9
1071	142
1071	176
1071	293
1071	561
1071	1969
1072	182
1072	264
1072	992
1072	1198
1073	87
1073	161
1073	282
1076	329
1076	352
1076	1283
1076	1858
1079	1012
1080	241
1080	1054
1080	1260
1080	1337
1080	1968
1082	1921
1086	1330
1086	1641
1092	757
1092	1613
1092	1975
1094	360
1094	967
1101	815
1102	87
1102	1244
1102	1365
1105	1127
1105	1354
1107	290
1107	335
1107	615
1107	1690
1109	174
1109	344
1109	636
1109	867
1109	1456
1109	1536
1109	1553
1110	120
1110	544
1110	1400
1110	1625
1111	1042
1111	1054
1111	1091
1111	1601
1112	329
1112	537
1112	638
1112	1341
1112	1818
1112	1863
1113	1699
1113	1852
1116	742
1116	850
1116	1547
1116	1678
1117	137
1117	138
1117	140
1118	908
1121	267
1121	268
1121	269
1121	270
1121	272
1121	273
1121	407
1122	52
1122	567
1122	1665
1128	608
1128	961
1128	1150
1128	1886
1130	225
1130	453
1130	567
1130	622
1130	1421
1130	1732
1133	1248
1135	435
1135	680
1135	833
1140	102
1140	685
1140	911
1140	1604
1140	1919
1145	481
1145	567
1145	952
1145	1104
1145	1130
1145	1689
1151	628
1151	779
1151	1156
1151	1403
1151	1537
1153	167
1153	703
1153	1154
1154	133
1154	266
1154	344
1154	345
1154	538
1154	565
1154	794
1154	795
1154	1056
1157	1069
1158	648
1158	1313
1158	1579
1159	612
1159	1146
1161	640
1161	742
1161	1467
1162	1925
1164	639
1164	686
1164	1319
1164	1600
1164	1751
1164	1806
1164	1950
1165	986
1165	1717
1166	76
1166	249
1166	1338
1166	1879
1167	1207
1167	1731
1168	495
1168	1062
1168	1533
1168	1582
1169	93
1169	180
1169	223
1169	267
1169	1185
1169	1946
1169	1947
1171	343
1171	344
1171	346
1171	347
1171	348
1171	794
1171	987
1172	185
1172	241
1172	498
1172	649
1172	1689
1177	379
1177	380
1177	382
1177	960
1180	1196
1180	1373
1183	20
1183	1090
1183	1176
1184	0
1184	92
1184	130
1184	131
1184	189
1184	1056
1184	1959
1185	500
1185	542
1185	643
1185	644
1186	337
1186	940
1186	1109
1188	200
1188	454
1188	754
1188	964
1192	804
1192	862
1192	864
1192	1295
1192	1406
1192	1423
1192	1568
1193	614
1193	1003
1193	1167
1193	1419
1194	281
1194	1198
1194	1525
1195	133
1195	322
1195	644
1195	726
1197	453
1197	790
1197	1421
1197	1746
1198	560
1198	803
1199	839
1199	1160
1199	1795
1201	1430
1201	1432
1201	1760
1202	310
1202	1664
1203	71
1203	286
1203	290
1204	198
1204	569
1204	637
1204	638
1204	720
1204	855
1204	1919
1212	381
1214	1157
1214	1357
1214	1374
1214	1388
1218	440
1218	481
1218	640
1218	800
1218	815
1218	981
1219	515
1219	1275
1223	147
1223	165
1223	763
1223	1056
1223	1551
1223	1959
1224	1020
1228	407
1228	997
1228	1116
1228	1595
1229	74
1229	273
1229	1533
1231	189
1231	643
1231	644
1234	574
1234	700
1234	1667
1234	1669
1234	1748
1235	239
1235	730
1235	812
1235	1101
1235	1598
1236	454
1236	517
1236	650
1236	922
1236	969
1236	1368
1236	1845
1241	554
1241	1347
1242	640
1242	901
1242	1647
1243	614
1243	657
1243	1172
1243	1408
1243	1543
1243	1955
1244	1995
1245	833
1245	1711
1245	1806
1246	190
1246	987
1246	1145
1246	1203
1246	1531
1246	1605
1252	143
1252	762
1252	1045
1252	1056
1252	1455
1255	180
1255	734
1255	979
1255	1448
1256	757
1258	726
1258	885
1258	1375
1258	1711
1262	125
1263	402
1263	801
1263	1091
1269	128
1269	442
1269	832
1269	1320
1269	1907
1273	69
1274	319
1274	574
1274	1168
1274	1891
1281	659
1281	741
1281	860
1281	1246
1281	1968
1283	326
1283	1199
1285	754
1289	1088
1289	1302
1289	1550
1291	512
1291	1554
1291	1669
1291	1785
1292	876
1292	882
1292	1309
1293	540
1293	833
1293	855
1293	1047
1293	1317
1294	608
1294	940
1294	1234
1294	1776
1295	123
1295	167
1295	1054
1295	1717
1295	1963
1299	110
1299	437
1299	901
1300	175
1300	864
1300	1018
1305	41
1305	249
1305	832
1305	1516
1305	1632
1305	1655
1306	25
1306	379
1306	646
1306	1185
1308	391
1311	721
1311	1158
1311	1313
1311	1545
1311	1613
1311	1932
1313	343
1314	986
1314	1211
1314	1322
1314	1960
1314	1961
1315	2
1315	494
1315	921
1315	986
1315	1211
1315	1322
1315	1414
1315	1960
1315	1961
1318	41
1318	314
1318	340
1318	1603
1318	1714
1319	326
1319	330
1319	1860
1319	1884
1322	92
1322	127
1322	129
1322	130
1322	267
1322	693
1322	1056
1322	1958
1322	1959
1324	161
1324	851
1324	1204
1324	1365
1324	1918
1326	220
1327	177
1327	375
1327	430
1327	752
1327	1205
1328	296
1328	477
1328	1424
1328	1863
1330	390
1330	819
1330	1088
1330	1527
1332	928
1332	1080
1332	1135
1332	1606
1333	170
1333	263
1333	538
1333	983
1333	1534
1333	1537
1333	1553
1333	1903
1333	1904
1333	1905
1334	146
1334	503
1334	533
1334	630
1334	663
1334	732
1334	801
1334	1029
1334	1781
1339	221
1339	498
1339	1501
1339	1858
1347	1469
1348	167
1348	256
1348	1467
1352	6
1352	310
1352	560
1352	1868
1353	92
1353	963
1354	290
1354	810
1354	1391
1354	1631
1354	1634
1354	1760
1354	1997
1356	749
1356	1730
1356	1786
1357	168
1357	265
1357	412
1357	1468
1357	1535
1357	1537
1357	1538
1357	1716
1359	267
1359	567
1359	894
1359	1946
1359	1947
1361	1229
1361	1998
1363	402
1363	796
1363	1398
1364	310
1364	635
1364	692
1364	838
1364	1007
1367	1084
1367	1389
1367	1508
1367	1893
1368	470
1368	721
1368	1654
1369	66
1369	340
1369	679
1369	1641
1370	811
1372	600
1372	601
1372	619
1372	1143
1372	1176
1373	165
1373	568
1373	693
1373	694
1373	695
1373	698
1374	933
1374	938
1374	1005
1374	1184
1375	240
1375	517
1377	738
1377	969
1377	1036
1377	1348
1378	1373
1378	1405
1379	9
1379	1140
1380	1309
1380	1442
1380	1998
1381	1533
1381	1884
1381	1911
1381	1983
1382	447
1382	1798
1382	1817
1384	260
1384	876
1384	1006
1384	1143
1385	1932
1386	315
1386	440
1386	1327
1387	784
1387	1760
1388	48
1388	1259
1388	1332
1391	301
1392	588
1392	600
1392	772
1393	819
1396	774
1396	1089
1396	1547
1396	1730
1400	162
1400	343
1400	524
1400	861
1401	890
1401	1442
1409	169
1409	568
1409	695
1409	697
1409	982
1409	984
1409	986
1410	308
1414	262
1414	263
1414	1535
1414	1729
1415	1230
1415	1553
1415	1754
1415	1974
1421	481
1421	921
1421	1530
1422	319
1422	667
1422	1137
1425	167
1425	277
1425	356
1425	1477
1425	1703
1428	684
1428	692
1428	714
1428	1294
1430	127
1430	168
1430	265
1430	412
1430	1054
1430	1353
1430	1536
1430	1537
1430	1538
1433	1073
1433	1279
1433	1411
1434	378
1440	31
1440	513
1440	614
1440	824
1443	170
1443	594
1443	894
1443	993
1443	1116
1443	1317
1444	77
1444	102
1444	225
1444	243
1444	987
1446	613
1446	614
1446	615
1446	993
1448	391
1448	1015
1448	1079
1450	1184
1450	1297
1450	1826
1453	190
1453	211
1453	1226
1453	1268
1453	1404
1453	1964
1454	328
1454	1533
1454	1720
1454	1934
1455	534
1455	648
1455	749
1456	37
1458	87
1458	157
1458	1509
1459	176
1459	293
1459	1137
1461	148
1461	348
1461	766
1461	987
1461	1503
1461	1551
1461	1552
1461	1553
1463	1750
1464	520
1464	969
1464	1365
1464	1817
1465	5
1465	809
1465	1871
1472	1393
1487	1827
1489	389
1489	572
1493	382
1493	454
1493	1491
1494	127
1494	131
1494	1534
1495	375
1495	723
1495	726
1495	1639
1499	911
1499	1009
1499	1309
1499	1480
1500	850
1503	70
1503	1495
1503	1664
1503	1704
1504	453
1504	797
1504	1530
1511	1
1511	260
1511	923
1511	1259
1511	1366
1511	1494
1512	365
1512	384
1512	1217
1512	1426
1512	1737
1513	838
1513	1169
1513	1764
1516	456
1516	819
1516	1151
1517	503
1517	1258
1517	1408
1517	1955
1518	640
1518	721
1525	124
1525	640
1525	1250
1525	1603
1525	1666
1528	372
1528	1359
1528	1468
1528	1819
1529	870
1529	1148
1529	1845
1534	640
1534	1175
1534	1243
1534	1667
1534	1861
1535	18
1535	54
1535	702
1535	759
1535	1352
1536	148
1536	204
1536	222
1536	1218
1537	1030
1537	1259
1538	58
1538	344
1538	345
1538	793
1538	794
1538	795
1538	1439
1538	1916
1540	241
1540	397
1540	569
1540	1204
1540	1562
1540	1690
1542	1433
1542	1915
1543	71
1543	779
1543	1113
1543	1501
1543	1922
1543	1984
1545	129
1545	346
1545	495
1545	505
1545	568
1545	984
1545	987
1545	989
1545	1316
1546	597
1549	546
1549	1178
1551	1045
1551	1306
1551	1509
1551	1999
1552	900
1552	1288
1552	1623
1552	1985
1553	53
1553	54
1553	1562
1555	137
1555	1006
1555	1812
1556	37
1556	503
1556	515
1556	897
1556	1639
1561	1550
1563	433
1565	547
1565	1686
1565	1687
1572	127
1572	130
1572	133
1572	568
1572	693
1572	694
1572	695
1572	696
1572	697
1579	81
1579	587
1579	1086
1579	1252
1579	1900
1581	36
1581	38
1581	878
1581	943
1581	1116
1581	1259
1581	1279
1584	640
1584	963
1584	1159
1585	696
1585	781
1585	1528
1585	1529
1586	187
1586	189
1586	190
1586	192
1586	193
1586	847
1586	1054
1588	342
1588	439
1588	461
1588	1443
1588	1918
1589	329
1589	988
1589	1160
1590	391
1591	714
1591	1294
1591	1428
1591	1758
1592	849
1592	980
1595	819
1595	853
1596	1186
1597	349
1597	495
1597	920
1597	1042
1597	1165
1597	1903
1601	261
1601	410
1601	565
1601	699
1601	765
1601	867
1601	1921
1604	408
1604	1708
1605	559
1605	1157
1605	1427
1607	791
1608	765
1608	982
1608	983
1608	984
1608	985
1608	986
1608	987
1608	988
1608	989
1611	124
1611	130
1611	565
1611	1444
1611	1447
1613	176
1613	742
1614	1417
1614	1996
1619	263
1619	408
1619	628
1619	889
1619	1164
1619	1529
1619	1533
1619	1537
1621	583
1621	1295
1621	1717
1622	1323
1624	1733
1625	127
1625	504
1625	1872
1626	40
1626	1137
1626	1797
1626	1818
1630	938
1631	1711
1633	699
1633	772
1633	921
1633	1704
1633	1747
1633	1816
1639	75
1639	902
1639	1345
1639	1553
1640	459
1640	1421
1642	229
1642	837
1642	1598
1642	1663
1642	1922
1643	37
1643	260
1643	1251
1643	1403
1646	1045
1652	92
1652	130
1652	880
1652	990
1652	1036
1652	1111
1655	217
1655	303
1655	400
1655	547
1655	642
1655	860
1655	961
1655	1342
1655	1501
1655	1805
1656	392
1656	685
1656	1133
1656	1658
1657	1959
1658	1662
1660	65
1660	1562
1660	1668
1660	1673
1660	1802
1660	1974
1661	263
1661	328
1661	688
1661	739
1661	1138
1663	185
1663	649
1663	1723
1664	261
1664	412
1664	453
1664	495
1664	1075
1664	1622
1665	186
1665	375
1665	660
1665	949
1665	1054
1665	1078
1665	1080
1665	1622
1669	554
1669	947
1669	1571
1669	1870
1670	115
1670	1167
1675	754
1675	1451
1675	1870
1677	1959
1679	1777
1682	186
1682	987
1683	940
1683	1272
1683	1685
1685	454
1685	964
1685	1016
1685	1054
1685	1462
1685	1740
1685	1923
1688	3
1688	732
1688	1049
1688	1352
1691	146
1691	176
1696	432
1696	625
1696	1039
1696	1091
1697	288
1697	364
1697	1801
1698	149
1698	155
1698	659
1698	1954
1706	883
1711	392
1711	1236
1711	1368
1711	1751
1712	592
1712	859
1712	1046
1712	1522
1713	564
1713	1034
1713	1636
1713	1879
1715	480
1715	1322
1717	258
1717	1706
1717	1813
1718	620
1718	1527
1718	1654
1718	1794
1719	638
1720	118
1720	477
1721	7
1721	469
1721	897
1721	1165
1727	807
1727	903
1732	75
1732	276
1732	444
1732	564
1732	585
1735	734
1739	165
1739	796
1739	1534
1740	447
1740	455
1740	1037
1740	1773
1742	106
1742	343
1742	345
1742	346
1742	347
1742	793
1742	794
1742	795
1744	154
1744	502
1745	829
1745	1148
1745	1196
1745	1317
1745	1919
1746	1093
1746	1721
1747	221
1747	711
1747	742
1750	592
1750	760
1750	1860
1752	1579
1755	94
1755	140
1755	171
1755	814
1755	843
1755	1771
1755	1946
1756	29
1756	1996
1757	1516
1757	1666
1758	184
1758	590
1758	1176
1758	1264
1758	1467
1758	1904
1760	143
1760	686
1760	904
1760	1255
1760	1408
1760	1419
1760	1773
1760	1943
1762	58
1762	127
1762	128
1762	130
1762	131
1762	132
1762	693
1762	1056
1762	1959
1763	180
1763	711
1764	1400
1764	1996
1765	147
1765	407
1765	505
1765	763
1765	889
1765	989
1765	1504
1765	1614
1766	1041
1766	1549
1768	288
1768	534
1768	648
1768	1022
1772	239
1772	1054
1772	1685
1774	174
1774	408
1774	692
1775	141
1775	1063
1775	1321
1775	1509
1776	38
1776	66
1776	454
1776	803
1776	855
1776	1006
1781	3
1781	57
1781	654
1781	1000
1781	1128
1782	66
1782	344
1782	570
1785	1042
1785	1198
1785	1222
1785	1266
1785	1872
1786	239
1786	306
1786	436
1786	548
1786	1101
1787	69
1787	1243
1791	79
1791	485
1791	1185
1791	1470
1791	1550
1791	1863
1794	412
1794	711
1795	834
1795	838
1796	1570
1799	125
1799	670
1799	1340
1799	1841
1805	489
1805	972
1805	988
1805	1481
1807	393
1807	840
1807	1055
1807	1230
1808	317
1808	545
1808	897
1808	1281
1809	380
1809	382
1809	834
1811	1014
1811	1050
1811	1491
1811	1850
1818	155
1819	27
1819	79
1819	863
1819	872
1819	875
1819	879
1819	880
1820	720
1820	1257
1824	1196
1824	1636
1824	1994
1827	570
1827	611
1827	1248
1827	1424
1830	437
1834	38
1834	66
1834	161
1834	436
1834	616
1834	1409
1835	147
1835	410
1835	566
1835	826
1835	1056
1835	1551
1835	1959
1835	1971
1837	1078
1837	1172
1838	58
1838	106
1838	343
1838	344
1838	345
1838	347
1838	793
1838	794
1838	795
1839	128
1839	564
1839	1579
1839	1724
1840	986
1840	1282
1841	172
1841	173
1841	174
1841	636
1841	867
1841	1456
1841	1535
1841	1536
1842	138
1842	542
1842	1708
1842	1847
1844	284
1844	1530
1844	1580
1844	1583
1845	113
1845	379
1845	534
1845	1171
1845	1423
1846	393
1846	403
1846	833
1846	1004
1846	1103
1847	1021
1847	1194
1847	1316
1847	1561
1847	1724
1849	701
1849	784
1849	1107
1849	1470
1849	1927
1849	1934
1850	170
1850	677
1850	761
1850	987
1850	1053
1850	1056
1850	1971
1851	819
1851	1544
1856	186
1856	223
1859	499
1859	701
1859	1029
1859	1528
1867	410
1867	538
1867	565
1867	787
1867	1060
1867	1299
1867	1614
1881	1824
1883	570
1884	804
1884	1699
1884	1776
1887	267
1887	567
1887	1946
1887	1947
1888	1037
1890	330
1890	354
1890	1451
1890	1893
1890	1968
1893	84
1893	410
1893	762
1893	986
1893	1417
1893	1989
1903	608
1903	1883
1903	1886
1904	390
1904	408
1904	1011
1904	1042
1904	1954
1905	867
1905	992
1909	345
1909	929
1909	1004
1909	1411
1909	1910
1913	217
1913	222
1913	1824
1919	282
1919	353
1919	1011
1919	1125
1919	1545
1920	677
1920	953
1920	1485
1920	1699
1925	562
1925	856
1925	912
1925	1451
1925	1557
1925	1849
1927	659
1927	1032
1927	1047
1928	263
1928	429
1928	889
1928	1164
1928	1533
1928	1911
1929	178
1929	301
1929	402
1929	1699
1931	854
1931	1471
1931	1638
1931	1929
1932	192
1932	330
1932	727
1932	852
1932	966
1933	146
1933	1282
1933	1405
1937	853
1937	916
1938	329
1938	433
1938	1579
1938	1977
1939	31
1939	410
1939	427
1939	1514
1940	1249
1942	83
1943	1340
1943	1907
1943	1944
1945	165
1945	572
1945	675
1945	1037
1945	1090
1946	171
1948	640
1952	1953
1953	1012
1953	1062
1953	1773
1955	735
1955	1963
1958	31
1958	1009
1959	90
1959	94
1959	171
1959	263
1959	565
1959	735
1959	761
1959	764
1959	984
1967	58
1967	106
1967	343
1967	344
1967	345
1967	347
1967	793
1967	794
1967	795
1971	1055
1971	1148
1971	1238
1971	1281
1971	1848
1974	1502
1974	1897
1978	1286
1978	1900
1984	190
1984	610
1984	633
1984	1616
1987	9
1987	1655
1989	1580
1993	328
1993	1717
